0.000000	0.000000	0.000000
0.000000	0.250000	0.000000
0.000000	0.500000	0.000000
0.000000	0.750000	0.000000
0.000000	1.000000	0.000000
0.400000	0.000000	0.000000
0.400000	0.250000	-0.346462
0.400000	0.500000	-1.000000
0.400000	0.750000	-1.000000
0.400000	1.000000	0.000000
0.800000	0.000000	0.000000
0.800000	0.250000	0.091375
0.800000	0.500000	-0.000088
0.800000	0.750000	-0.092055
0.800000	1.000000	0.000000
1.200000	0.000000	0.000000
1.200000	0.250000	1.000000
1.200000	0.500000	1.000000
1.200000	0.750000	0.346280
1.200000	1.000000	0.000000
1.600000	0.000000	0.000000
1.600000	0.250000	0.000000
1.600000	0.500000	0.000000
1.600000	0.750000	0.000000
1.600000	1.000000	0.000000
