0.325922	0.000000
0.325699	0.021683
0.325032	0.043358
0.323920	0.065014
0.322363	0.086643
0.320364	0.108235
0.317921	0.129782
0.315037	0.151274
0.311713	0.172703
0.307950	0.194059
0.303749	0.215333
0.299112	0.236517
0.294042	0.257601
0.288540	0.278577
0.282609	0.299436
0.276251	0.320169
0.269468	0.340768
0.262265	0.361223
0.254643	0.381526
0.246607	0.401669
0.238158	0.421643
0.229301	0.441439
0.220040	0.461050
0.210379	0.480467
0.200321	0.499683
0.189870	0.518687
0.179032	0.537474
0.167811	0.556035
0.156211	0.574362
0.144237	0.592448
0.131894	0.610284
0.119188	0.627864
0.106124	0.645179
0.092707	0.662224
0.078943	0.678990
0.064838	0.695470
0.050397	0.711658
0.035627	0.727547
0.020534	0.743129
0.005125	0.758400
-0.010596	0.773351
-0.026619	0.787977
-0.042940	0.802272
-0.059551	0.816229
-0.076445	0.829843
-0.093615	0.843108
-0.111054	0.856018
-0.128754	0.868569
-0.146709	0.880754
-0.164910	0.892569
-0.183350	0.904008
-0.202021	0.915068
-0.220915	0.925742
-0.240025	0.936027
-0.259342	0.945918
-0.278859	0.955412
-0.298566	0.964504
-0.318457	0.973190
-0.338521	0.981466
-0.358752	0.989330
-0.379140	0.996778
-0.399678	1.003807
-0.420355	1.010413
-0.441165	1.016594
-0.462097	1.022348
-0.483143	1.027672
-0.504295	1.032563
-0.525543	1.037020
-0.546879	1.041041
-0.568293	1.044624
-0.589777	1.047768
-0.611321	1.050470
-0.632917	1.052731
-0.654555	1.054549
-0.676227	1.055923
-0.697923	1.056853
-0.719634	1.057338
-0.741352	1.057379
-0.763066	1.056975
-0.784768	1.056125
-0.806448	1.054832
-0.828099	1.053094
-0.849710	1.050914
-0.871272	1.048291
-0.892777	1.045227
-0.914215	1.041723
-0.935578	1.037781
-0.956856	1.033402
-0.978040	1.028588
-0.999122	1.023341
-1.020093	1.017663
-1.040944	1.011557
-1.061666	1.005025
-1.082251	0.998070
-1.102689	0.990695
-1.122973	0.982903
-1.143094	0.974697
-1.163043	0.966080
-1.182812	0.957057
-1.202392	0.947630
-1.221776	0.937805
-1.240956	0.927584
-1.259923	0.916973
-1.278669	0.905975
-1.297187	0.894596
-1.315468	0.882840
-1.333505	0.870712
-1.351291	0.858217
-1.368818	0.845360
-1.386079	0.832147
-1.403065	0.818583
-1.419772	0.804674
-1.436190	0.790426
-1.452314	0.775845
-1.468137	0.760936
-1.483651	0.745706
-1.498851	0.730162
-1.513730	0.714310
-1.528282	0.698156
-1.542501	0.681708
-1.556381	0.664971
-1.569915	0.647954
-1.583099	0.630664
-1.595927	0.613107
-1.608393	0.595291
-1.620492	0.577223
-1.632219	0.558911
-1.643569	0.540363
-1.654538	0.521586
-1.665121	0.502589
-1.675313	0.483379
-1.685110	0.463964
-1.694508	0.444352
-1.703503	0.424553
-1.712091	0.404573
-1.720269	0.384421
-1.728033	0.364106
-1.735381	0.343636
-1.742308	0.323020
-1.748812	0.302267
-1.754890	0.281384
-1.760540	0.260382
-1.765759	0.239268
-1.770546	0.218052
-1.774898	0.196742
-1.778813	0.175347
-1.782289	0.153877
-1.785326	0.132340
-1.787922	0.110746
-1.790076	0.089102
-1.791786	0.067419
-1.793053	0.045706
-1.793876	0.023971
-1.794254	0.002224
-1.794187	-0.019526
-1.793675	-0.041270
-1.792719	-0.063000
-1.791319	-0.084705
-1.789475	-0.106377
-1.787188	-0.128006
-1.784459	-0.149585
-1.781290	-0.171103
-1.777681	-0.192551
-1.773635	-0.213921
-1.769152	-0.235204
-1.764235	-0.256391
-1.758886	-0.277472
-1.753107	-0.298439
-1.746900	-0.319284
-1.740269	-0.339997
-1.733215	-0.360570
-1.725742	-0.380994
-1.717853	-0.401261
-1.709551	-0.421363
-1.700840	-0.441289
-1.691723	-0.461034
-1.682205	-0.480587
-1.672289	-0.499942
-1.661979	-0.519089
-1.651279	-0.538021
-1.640195	-0.556730
-1.628731	-0.575208
-1.616891	-0.593448
-1.604681	-0.611441
-1.592106	-0.629180
-1.579170	-0.646658
-1.565880	-0.663867
-1.552241	-0.680801
-1.538259	-0.697452
-1.523939	-0.713813
-1.509288	-0.729877
-1.494312	-0.745638
-1.479016	-0.761088
-1.463408	-0.776222
-1.447494	-0.791034
-1.431281	-0.805516
-1.414775	-0.819663
-1.397983	-0.833469
-1.380913	-0.846929
-1.363572	-0.860036
-1.345966	-0.872784
-1.328103	-0.885170
-1.309992	-0.897187
-1.291638	-0.908831
-1.273051	-0.920097
-1.254237	-0.930979
-1.235205	-0.941473
-1.215963	-0.951576
-1.196519	-0.961283
-1.176880	-0.970589
-1.157056	-0.979491
-1.137054	-0.987985
-1.116883	-0.996067
-1.096552	-1.003735
-1.076068	-1.010984
-1.055441	-1.017813
-1.034678	-1.024218
-1.013790	-1.030196
-0.992785	-1.035744
-0.971670	-1.040862
-0.950456	-1.045546
-0.929152	-1.049794
-0.907765	-1.053605
-0.886305	-1.056977
-0.864782	-1.059909
-0.843203	-1.062400
-0.821579	-1.064448
-0.799918	-1.066052
-0.778230	-1.067213
-0.756523	-1.067929
-0.734806	-1.068200
-0.713089	-1.068026
-0.691381	-1.067408
-0.669691	-1.066344
-0.648028	-1.064837
-0.626401	-1.062887
-0.604819	-1.060493
-0.583291	-1.057658
-0.561827	-1.054383
-0.540434	-1.050669
-0.519124	-1.046517
-0.497903	-1.041930
-0.476781	-1.036909
-0.455768	-1.031456
-0.434871	-1.025574
-0.414099	-1.019265
-0.393462	-1.012532
-0.372968	-1.005377
-0.352626	-0.997804
-0.332443	-0.989816
-0.312429	-0.981417
-0.292592	-0.972609
-0.272941	-0.963396
-0.253483	-0.953783
-0.234226	-0.943773
-0.215180	-0.933371
-0.196351	-0.922581
-0.177748	-0.911407
-0.159378	-0.899855
-0.141249	-0.887929
-0.123370	-0.875633
-0.105746	-0.862975
-0.088387	-0.849957
-0.071298	-0.836587
-0.054488	-0.822870
-0.037962	-0.808811
-0.021729	-0.794416
-0.005795	-0.779692
0.009833	-0.764644
0.025149	-0.749280
0.040146	-0.733605
0.054819	-0.717626
0.069160	-0.701350
0.083164	-0.684783
0.096826	-0.667933
0.110138	-0.650806
0.123096	-0.633411
0.135694	-0.615754
0.147927	-0.597842
0.159790	-0.579683
0.171278	-0.561285
0.182385	-0.542656
0.193108	-0.523803
0.203442	-0.504734
0.213382	-0.485458
0.222925	-0.465982
0.232066	-0.446314
0.240801	-0.426464
0.249127	-0.406438
0.257040	-0.386247
0.264538	-0.365897
0.271616	-0.345398
0.278272	-0.324758
0.284503	-0.303987
0.290306	-0.283092
0.295679	-0.262082
0.300620	-0.240967
0.305127	-0.219755
0.309198	-0.198455
0.312830	-0.177077
0.316023	-0.155628
0.318776	-0.134118
0.321086	-0.112557
0.322953	-0.090953
0.324377	-0.069315
0.325357	-0.047652
0.325891	-0.025974
0.325981	-0.004290
0.325626	0.017392
0.324826	0.039062
0.323581	0.060710
0.321892	0.082329
0.319760	0.103909
0.317186	0.125440
0.314171	0.146914
0.310715	0.168322
0.306821	0.189655
0.302490	0.210903
0.297724	0.232058
0.292524	0.253111
0.286894	0.274053
0.280835	0.294875
0.274350	0.315569
0.267442	0.336125
0.260114	0.356535
0.252368	0.376791
0.244208	0.396885
0.235637	0.416806
0.226660	0.436548
0.217279	0.456102
0.207498	0.475459
0.197323	0.494612
0.186757	0.513553
0.175804	0.532273
0.164469	0.550764
0.152757	0.569020
0.140672	0.587031
0.128221	0.604792
0.115408	0.622293
0.102238	0.639528
0.088717	0.656490
0.074850	0.673171
0.060644	0.689564
0.046105	0.705663
0.031238	0.721461
0.016050	0.736951
0.000547	0.752126
-0.015264	0.766981
-0.031377	0.781508
-0.047785	0.795702
-0.064481	0.809558
-0.081458	0.823068
-0.098709	0.836227
-0.116226	0.849030
-0.134003	0.861472
-0.152031	0.873547
-0.170304	0.885250
-0.188814	0.896576
-0.207552	0.907520
-0.226511	0.918078
-0.245684	0.928246
-0.265061	0.938018
-0.284635	0.947392
-0.304398	0.956363
-0.324341	0.964926
-0.344455	0.973080
-0.364734	0.980820
-0.385167	0.988142
-0.405747	0.995044
-0.426464	1.001524
-0.447311	1.007577
-0.468278	1.013202
-0.489356	1.018397
-0.510537	1.023158
-0.531812	1.027485
-0.553171	1.031375
-0.574607	1.034826
-0.596109	1.037838
-0.617670	1.040408
-0.639279	1.042536
-0.660927	1.044221
-0.682607	1.045463
-0.704308	1.046259
-0.726021	1.046612
-0.747738	1.046519
-0.769449	1.045981
-0.791145	1.044999
-0.812817	1.043572
-0.834456	1.041702
-0.856053	1.039389
-0.877598	1.036634
-0.899083	1.033438
-0.920499	1.029803
-0.941837	1.025729
-0.963087	1.021220
-0.984242	1.016276
-1.005291	1.010900
-1.026226	1.005093
-1.047039	0.998860
-1.067720	0.992201
-1.088262	0.985119
-1.108654	0.977619
-1.128889	0.969702
-1.148959	0.961373
-1.168854	0.952634
-1.188567	0.943490
-1.208089	0.933943
-1.227413	0.923999
-1.246529	0.913661
-1.265430	0.902933
-1.284108	0.891821
-1.302555	0.880328
-1.320764	0.868460
-1.338726	0.856222
-1.356434	0.843618
-1.373882	0.830654
-1.391060	0.817335
-1.407964	0.803667
-1.424584	0.789656
-1.440914	0.775307
-1.456948	0.760627
-1.472679	0.745622
-1.488099	0.730297
-1.503203	0.714660
-1.517984	0.698717
-1.532437	0.682474
-1.546554	0.665938
-1.560330	0.649117
-1.573760	0.632018
-1.586837	0.614646
-1.599556	0.597011
-1.611912	0.579119
-1.623900	0.560977
-1.635514	0.542594
-1.646750	0.523976
-1.657604	0.505133
-1.668069	0.486071
-1.678143	0.466799
-1.687820	0.447324
-1.697097	0.427655
-1.705970	0.407800
-1.714436	0.387768
-1.722489	0.367567
-1.730129	0.347204
-1.737350	0.326690
-1.744150	0.306032
-1.750526	0.285239
-1.756476	0.264320
-1.761997	0.243283
-1.767086	0.222138
-1.771742	0.200892
-1.775963	0.179556
-1.779746	0.158138
-1.783090	0.136647
-1.785995	0.115092
-1.788458	0.093482
-1.790478	0.071826
-1.792056	0.050133
-1.793189	0.028412
-1.793878	0.006672
-1.794122	-0.015077
-1.793921	-0.036826
-1.793276	-0.058567
-1.792186	-0.080290
-1.790652	-0.101986
-1.788675	-0.123646
-1.786255	-0.145261
-1.783394	-0.166823
-1.780092	-0.188321
-1.776352	-0.209747
-1.772174	-0.231092
-1.767561	-0.252346
-1.762513	-0.273502
-1.757035	-0.294550
-1.751127	-0.315482
-1.744792	-0.336288
-1.738033	-0.356960
-1.730853	-0.377490
-1.723255	-0.397868
-1.715241	-0.418086
-1.706816	-0.438136
-1.697982	-0.458009
-1.688744	-0.477697
-1.679106	-0.497191
-1.669070	-0.516485
-1.658643	-0.535568
-1.647827	-0.554434
-1.636628	-0.573075
-1.625051	-0.591482
-1.613099	-0.609649
-1.600778	-0.627567
-1.588094	-0.645228
-1.575051	-0.662627
-1.561656	-0.679754
-1.547913	-0.696604
-1.533828	-0.713169
-1.519408	-0.729441
-1.504658	-0.745415
-1.489585	-0.761084
-1.474195	-0.776440
-1.458494	-0.791478
-1.442489	-0.806192
-1.426187	-0.820574
-1.409594	-0.834620
-1.392717	-0.848323
-1.375565	-0.861677
-1.358143	-0.874677
-1.340459	-0.887318
-1.322520	-0.899594
-1.304335	-0.911500
-1.285910	-0.923031
-1.267253	-0.934182
-1.248373	-0.944948
-1.229277	-0.955326
-1.209973	-0.965310
-1.190469	-0.974897
-1.170773	-0.984083
-1.150894	-0.992863
-1.130840	-1.001234
-1.110620	-1.009193
-1.090241	-1.016735
-1.069713	-1.023859
-1.049044	-1.030561
-1.028243	-1.036838
-1.007318	-1.042688
-0.986278	-1.048108
-0.965133	-1.053095
-0.943890	-1.057649
-0.922559	-1.061766
-0.901149	-1.065446
-0.879669	-1.068687
-0.858128	-1.071486
-0.836534	-1.073844
-0.814898	-1.075760
-0.793227	-1.077231
-0.771531	-1.078258
-0.749820	-1.078841
-0.728102	-1.078979
-0.706386	-1.078672
-0.684682	-1.077920
-0.662998	-1.076724
-0.641345	-1.075084
-0.619729	-1.073001
-0.598162	-1.070475
-0.576652	-1.067508
-0.555208	-1.064101
-0.533839	-1.060255
-0.512553	-1.055973
-0.491361	-1.051256
-0.470270	-1.046105
-0.449290	-1.040523
-0.428429	-1.034513
-0.407697	-1.028077
-0.387101	-1.021217
-0.366651	-1.013937
-0.346355	-1.006239
-0.326222	-0.998128
-0.306259	-0.989605
-0.286477	-0.980676
-0.266882	-0.971343
-0.247482	-0.961610
-0.228287	-0.951482
-0.209305	-0.940964
-0.190542	-0.930058
-0.172008	-0.918770
-0.153709	-0.907106
-0.135654	-0.895068
-0.117849	-0.882663
-0.100304	-0.869897
-0.083024	-0.856773
-0.066017	-0.843298
-0.049291	-0.829478
-0.032852	-0.815318
-0.016708	-0.800824
-0.000864	-0.786002
0.014672	-0.770859
0.029894	-0.755401
0.044795	-0.739634
0.059370	-0.723565
0.073611	-0.707201
0.087514	-0.690549
0.101071	-0.673615
0.114279	-0.656407
0.127130	-0.638933
0.139620	-0.621198
0.151743	-0.603212
0.163495	-0.584981
0.174870	-0.566512
0.185863	-0.547815
0.196470	-0.528897
0.206687	-0.509765
0.216509	-0.490428
0.225932	-0.470894
0.234952	-0.451170
0.243566	-0.431267
0.251769	-0.411191
0.259559	-0.390951
0.266931	-0.370555
0.273884	-0.350013
0.280413	-0.329333
0.286517	-0.308524
0.292192	-0.287593
0.297437	-0.266551
0.302248	-0.245406
0.306625	-0.224167
0.310565	-0.202843
0.314067	-0.181442
0.317129	-0.159974
0.319749	-0.138448
0.321927	-0.116873
0.323663	-0.095258
0.324954	-0.073611
0.325800	-0.051943
0.326202	-0.030262
0.326159	-0.008578
0.325671	0.013101
0.324738	0.034766
0.323361	0.056407
0.321540	0.078015
0.319276	0.099581
0.316570	0.121096
0.313423	0.142551
0.309837	0.163937
0.305812	0.185246
0.301351	0.206467
0.296455	0.227592
0.291127	0.248613
0.285369	0.269520
0.279182	0.290304
0.272571	0.310958
0.265537	0.331471
0.258084	0.351837
0.250214	0.372045
0.241931	0.392087
0.233239	0.411956
0.224140	0.431642
0.214640	0.451138
0.204741	0.470435
0.194449	0.489525
0.183767	0.508401
0.172699	0.527053
0.161251	0.545475
0.149428	0.563658
0.137234	0.581595
0.124674	0.599279
0.111753	0.616701
0.098478	0.633855
0.084854	0.650733
0.070886	0.667329
0.056580	0.683635
0.041942	0.699645
0.026979	0.715351
0.011696	0.730747
-0.003899	0.745827
-0.019801	0.760584
-0.036002	0.775012
-0.052497	0.789106
-0.069277	0.802858
-0.086336	0.816264
-0.103667	0.829317
-0.121263	0.842012
-0.139115	0.854345
-0.157217	0.866309
-0.175561	0.877899
-0.194140	0.889111
-0.212945	0.899940
-0.231968	0.910382
-0.251202	0.920432
-0.270638	0.930085
-0.290269	0.939339
-0.310086	0.948188
-0.330081	0.956629
-0.350245	0.964659
-0.370570	0.972274
-0.391048	0.979471
-0.411669	0.986247
-0.432426	0.992599
-0.453309	0.998524
-0.474310	1.004021
-0.495419	1.009086
-0.516629	1.013717
-0.537929	1.017913
-0.559312	1.021672
-0.580768	1.024992
-0.602288	1.027871
-0.623863	1.030309
-0.645485	1.032305
-0.667143	1.033857
-0.688830	1.034965
-0.710535	1.035629
-0.732250	1.035848
-0.753965	1.035622
-0.775672	1.034951
-0.797361	1.033835
-0.819024	1.032276
-0.840651	1.030273
-0.862232	1.027827
-0.883760	1.024940
-0.905225	1.021612
-0.926618	1.017845
-0.947930	1.013641
-0.969152	1.009002
-0.990275	1.003928
-1.011291	0.998423
-1.032190	0.992488
-1.052964	0.986127
-1.073603	0.979341
-1.094100	0.972134
-1.114446	0.964508
-1.134632	0.956468
-1.154650	0.948015
-1.174491	0.939155
-1.194147	0.929889
-1.213610	0.920223
-1.232872	0.910160
-1.251924	0.899705
-1.270758	0.888862
-1.289367	0.877635
-1.307743	0.866030
-1.325878	0.854050
-1.343765	0.841702
-1.361395	0.828989
-1.378763	0.815918
-1.395859	0.802495
-1.412678	0.788723
-1.429211	0.774610
-1.445453	0.760162
-1.461396	0.745384
-1.477034	0.730282
-1.492360	0.714863
-1.507367	0.699133
-1.522050	0.683100
-1.536402	0.666769
-1.550417	0.650147
-1.564090	0.633242
-1.577414	0.616060
-1.590384	0.598609
-1.602994	0.580896
-1.615240	0.562928
-1.627116	0.544713
-1.638617	0.526259
-1.649738	0.507573
-1.660475	0.488663
-1.670823	0.469537
-1.680778	0.450203
-1.690336	0.430670
-1.699492	0.410944
-1.708242	0.391036
-1.716584	0.370952
-1.724514	0.350701
-1.732027	0.330293
-1.739122	0.309734
-1.745795	0.289035
-1.752043	0.268203
-1.757864	0.247248
-1.763256	0.226178
-1.768215	0.205002
-1.772740	0.183728
-1.776829	0.162367
-1.780481	0.140926
-1.783693	0.119414
-1.786465	0.097842
-1.788795	0.076217
-1.790682	0.054549
-1.792126	0.032847
-1.793126	0.011119
-1.793681	-0.010624
-1.793791	-0.032374
-1.793457	-0.054122
-1.792678	-0.075858
-1.791454	-0.097574
-1.789787	-0.119260
-1.787677	-0.140908
-1.785124	-0.162508
-1.782130	-0.184051
-1.778697	-0.205529
-1.774824	-0.226931
-1.770515	-0.248250
-1.765771	-0.269476
-1.760594	-0.290601
-1.754986	-0.311615
-1.748949	-0.332510
-1.742487	-0.353277
-1.735601	-0.373907
-1.728295	-0.394392
-1.720571	-0.414723
-1.712433	-0.434891
-1.703885	-0.454889
-1.694929	-0.474708
-1.685570	-0.494339
-1.675812	-0.513774
-1.665658	-0.533005
-1.655113	-0.552024
-1.644182	-0.570824
-1.632869	-0.589395
-1.621178	-0.607731
-1.609114	-0.625824
-1.596684	-0.643666
-1.583891	-0.661250
-1.570742	-0.678567
-1.557241	-0.695613
-1.543394	-0.712377
-1.529208	-0.728855
-1.514688	-0.745039
-1.499840	-0.760922
-1.484671	-0.776498
-1.469186	-0.791760
-1.453393	-0.806701
-1.437298	-0.821316
-1.420907	-0.835598
-1.404228	-0.849542
-1.387268	-0.863141
-1.370033	-0.876390
-1.352532	-0.889283
-1.334770	-0.901815
-1.316756	-0.913980
-1.298498	-0.925774
-1.280002	-0.937192
-1.261277	-0.948228
-1.242331	-0.958879
-1.223171	-0.969139
-1.203806	-0.979005
-1.184243	-0.988472
-1.164491	-0.997536
-1.144558	-1.006194
-1.124453	-1.014442
-1.104184	-1.022277
-1.083759	-1.029694
-1.063187	-1.036692
-1.042477	-1.043267
-1.021638	-1.049416
-1.000677	-1.055137
-0.979604	-1.060428
-0.958428	-1.065286
-0.937157	-1.069709
-0.915801	-1.073695
-0.894369	-1.077244
-0.872869	-1.080352
-0.851311	-1.083020
-0.829703	-1.085245
-0.808054	-1.087027
-0.786375	-1.088366
-0.764673	-1.089260
-0.742958	-1.089710
-0.721239	-1.089714
-0.699525	-1.089274
-0.677826	-1.088389
-0.656150	-1.087060
-0.634506	-1.085287
-0.612904	-1.083071
-0.591352	-1.080413
-0.569860	-1.077314
-0.548437	-1.073775
-0.527092	-1.069799
-0.505833	-1.065386
-0.484669	-1.060538
-0.463610	-1.055258
-0.442664	-1.049548
-0.421841	-1.043410
-0.401148	-1.036846
-0.380594	-1.029860
-0.360189	-1.022455
-0.339940	-1.014633
-0.319857	-1.006398
-0.299947	-0.997753
-0.280219	-0.988702
-0.260681	-0.979249
-0.241342	-0.969398
-0.222209	-0.959152
-0.203291	-0.948517
-0.184595	-0.937497
-0.166130	-0.926095
-0.147903	-0.914318
-0.129921	-0.902170
-0.112193	-0.889657
-0.094726	-0.876782
-0.077527	-0.863553
-0.060603	-0.849974
-0.043962	-0.836051
-0.027610	-0.821790
-0.011554	-0.807198
0.004199	-0.792279
0.019642	-0.777041
0.034769	-0.761489
0.049573	-0.745631
0.064049	-0.729473
0.078190	-0.713022
0.091991	-0.696285
0.105444	-0.679268
0.118546	-0.661980
0.131290	-0.644426
0.143671	-0.626616
0.155684	-0.608555
0.167324	-0.590252
0.178586	-0.571715
0.189464	-0.552950
0.199956	-0.533967
0.210055	-0.514773
0.219759	-0.495376
0.229062	-0.475784
0.237961	-0.456006
0.246453	-0.436050
0.254533	-0.415923
0.262199	-0.395636
0.269446	-0.375196
0.276273	-0.354612
0.282675	-0.333892
0.288651	-0.313045
0.294198	-0.292081
0.299314	-0.271007
0.303996	-0.249832
0.308243	-0.228567
0.312052	-0.207219
0.315423	-0.185797
0.318353	-0.164311
0.320842	-0.142769
0.322888	-0.121181
0.324490	-0.099555
0.325649	-0.077901
0.326363	-0.056228
0.326632	-0.034546
0.326456	-0.012862
0.325836	0.008814
0.324770	0.030472
0.323260	0.052104
0.321307	0.073701
0.318911	0.095253
0.316073	0.116751
0.312795	0.138187
0.309078	0.159550
0.304923	0.180833
0.300332	0.202027
0.295307	0.223122
0.289850	0.244109
0.283964	0.264981
0.277650	0.285727
0.270912	0.306339
0.263753	0.326809
0.256175	0.347128
0.248182	0.367288
0.239776	0.387279
0.230963	0.407094
0.221744	0.426724
0.212124	0.446162
0.202108	0.465397
0.191698	0.484424
0.180901	0.503233
0.169720	0.521818
0.158159	0.540169
0.146225	0.558279
0.133921	0.576141
0.121253	0.593747
0.108226	0.611090
0.094846	0.628162
0.081119	0.644956
0.067049	0.661466
0.052644	0.677684
0.037909	0.693603
0.022850	0.709217
0.007473	0.724520
-0.008214	0.739503
-0.024206	0.754163
-0.040495	0.768491
-0.057076	0.782483
-0.073940	0.796132
-0.091081	0.809433
-0.108491	0.822380
-0.126164	0.834967
-0.144091	0.847189
-0.162266	0.859042
-0.180681	0.870520
-0.199327	0.881618
-0.218198	0.892331
-0.237285	0.902656
-0.256580	0.912587
-0.276075	0.922122
-0.295762	0.931254
-0.315632	0.939982
-0.335678	0.948300
-0.355891	0.956206
-0.376262	0.963696
-0.396783	0.970767
-0.417445	0.977417
-0.438240	0.983641
-0.459159	0.989438
-0.480193	0.994806
-0.501333	0.999741
-0.522570	1.004242
-0.543895	1.008307
-0.565301	1.011935
-0.586776	1.015123
-0.608313	1.017870
-0.629903	1.020176
-0.651536	1.022039
-0.673203	1.023458
-0.694895	1.024433
-0.716604	1.024963
-0.738319	1.025049
-0.760033	1.024690
-0.781735	1.023886
-0.803416	1.022637
-0.825069	1.020945
-0.846682	1.018809
-0.868249	1.016231
-0.889758	1.013212
-0.911202	1.009752
-0.932571	1.005855
-0.953856	1.001520
-0.975049	0.996750
-0.996140	0.991547
-1.017121	0.985913
-1.037983	0.979850
-1.058717	0.973361
-1.079315	0.966449
-1.099767	0.959116
-1.120065	0.951366
-1.140201	0.943202
-1.160166	0.934626
-1.179952	0.925644
-1.199551	0.916258
-1.218954	0.906473
-1.238153	0.896292
-1.257140	0.885721
-1.275907	0.874762
-1.294447	0.863421
-1.312751	0.851703
-1.330812	0.839612
-1.348622	0.827154
-1.366174	0.814334
-1.383460	0.801157
-1.400474	0.787628
-1.417207	0.773754
-1.433654	0.759540
-1.449806	0.744992
-1.465658	0.730117
-1.481202	0.714919
-1.496433	0.699407
-1.511343	0.683585
-1.525927	0.667462
-1.540179	0.651043
-1.554091	0.634335
-1.567659	0.617347
-1.580877	0.600083
-1.593740	0.582553
-1.606241	0.564763
-1.618376	0.546720
-1.630140	0.528433
-1.641527	0.509909
-1.652533	0.491155
-1.663153	0.472180
-1.673384	0.452991
-1.683219	0.433596
-1.692656	0.414004
-1.701691	0.394223
-1.710319	0.374261
-1.718537	0.354126
-1.726342	0.333828
-1.733730	0.313373
-1.740698	0.292772
-1.747244	0.272032
-1.753364	0.251162
-1.759056	0.230172
-1.764317	0.209069
-1.769146	0.187863
-1.773541	0.166562
-1.777498	0.145175
-1.781018	0.123713
-1.784098	0.102182
-1.786737	0.080593
-1.788934	0.058954
-1.790688	0.037275
-1.791998	0.015564
-1.792864	-0.006169
-1.793286	-0.027915
-1.793262	-0.049665
-1.792794	-0.071411
-1.791881	-0.093142
-1.790524	-0.114850
-1.788724	-0.136526
-1.786480	-0.158160
-1.783795	-0.179744
-1.780669	-0.201268
-1.777103	-0.222724
-1.773099	-0.244102
-1.768659	-0.265394
-1.763784	-0.286591
-1.758477	-0.307683
-1.752740	-0.328663
-1.746575	-0.349520
-1.739985	-0.370247
-1.732972	-0.390835
-1.725540	-0.411274
-1.717692	-0.431558
-1.709430	-0.451676
-1.700759	-0.471621
-1.691681	-0.491384
-1.682202	-0.510957
-1.672324	-0.530332
-1.662052	-0.549500
-1.651391	-0.568455
-1.640344	-0.587187
-1.628916	-0.605688
-1.617113	-0.623952
-1.604938	-0.641971
-1.592398	-0.659736
-1.579498	-0.677241
-1.566242	-0.694478
-1.552636	-0.711439
-1.538687	-0.728119
-1.524400	-0.744510
-1.509780	-0.760604
-1.494835	-0.776396
-1.479570	-0.791878
-1.463992	-0.807045
-1.448107	-0.821889
-1.431922	-0.836405
-1.415444	-0.850586
-1.398679	-0.864427
-1.381635	-0.877922
-1.364319	-0.891065
-1.346738	-0.903850
-1.328900	-0.916273
-1.310812	-0.928327
-1.292481	-0.940009
-1.273915	-0.951313
-1.255122	-0.962234
-1.236111	-0.972768
-1.216888	-0.982911
-1.197462	-0.992658
-1.177841	-1.002004
-1.158034	-1.010947
-1.138048	-1.019483
-1.117893	-1.027607
-1.097575	-1.035317
-1.077105	-1.042609
-1.056490	-1.049480
-1.035740	-1.055928
-1.014863	-1.061949
-0.993867	-1.067542
-0.972762	-1.072703
-0.951556	-1.077431
-0.930258	-1.081723
-0.908878	-1.085579
-0.887424	-1.088995
-0.865905	-1.091972
-0.844330	-1.094507
-0.822709	-1.096600
-0.801049	-1.098249
-0.779362	-1.099455
-0.757654	-1.100216
-0.735937	-1.100532
-0.714218	-1.100403
-0.692507	-1.099829
-0.670813	-1.098811
-0.649145	-1.097349
-0.627513	-1.095443
-0.605924	-1.093095
-0.584389	-1.090304
-0.562916	-1.087074
-0.541515	-1.083404
-0.520194	-1.079296
-0.498962	-1.074753
-0.477828	-1.069776
-0.456802	-1.064366
-0.435891	-1.058528
-0.415105	-1.052262
-0.394452	-1.045571
-0.373942	-1.038459
-0.353582	-1.030929
-0.333381	-1.022983
-0.313349	-1.014624
-0.293492	-1.005858
-0.273819	-0.996686
-0.254340	-0.987113
-0.235061	-0.977143
-0.215991	-0.966780
-0.197138	-0.956029
-0.178510	-0.944894
-0.160115	-0.933380
-0.141960	-0.921491
-0.124053	-0.909233
-0.106402	-0.896611
-0.089014	-0.883630
-0.071896	-0.870295
-0.055056	-0.856612
-0.038500	-0.842587
-0.022235	-0.828227
-0.006269	-0.813535
0.009392	-0.798520
0.024742	-0.783188
0.039773	-0.767544
0.054481	-0.751595
0.068857	-0.735349
0.082897	-0.718811
0.096595	-0.701989
0.109945	-0.684890
0.122940	-0.667522
0.135577	-0.649890
0.147849	-0.632004
0.159751	-0.613870
0.171278	-0.595496
0.182426	-0.576890
0.193190	-0.558059
0.203565	-0.539012
0.213547	-0.519756
0.223131	-0.500300
0.232314	-0.480651
0.241092	-0.460819
0.249462	-0.440810
0.257418	-0.420635
0.264960	-0.400301
0.272082	-0.379817
0.278782	-0.359191
0.285058	-0.338432
0.290906	-0.317549
0.296325	-0.296551
0.301311	-0.275446
0.305864	-0.254243
0.309980	-0.232952
0.313659	-0.211581
0.316898	-0.190139
0.319696	-0.168635
0.322053	-0.147078
0.323967	-0.125478
0.325437	-0.103843
0.326463	-0.082183
0.327044	-0.060506
0.327181	-0.038821
0.326872	-0.017139
0.326119	0.004532
0.324921	0.026184
0.323278	0.047806
0.321193	0.069390
0.318665	0.090927
0.315696	0.112407
0.312286	0.133822
0.308438	0.155163
0.304153	0.176420
0.299432	0.197585
0.294278	0.218649
0.288693	0.239603
0.282679	0.260437
0.276239	0.281144
0.269375	0.301715
0.262090	0.322141
0.254388	0.342413
0.246271	0.362523
0.237744	0.382463
0.228809	0.402223
0.219470	0.421796
0.209731	0.441174
0.199597	0.460348
0.189072	0.479310
0.178159	0.498053
0.166865	0.516568
0.155192	0.534848
0.143147	0.552885
0.130734	0.570671
0.117958	0.588199
0.104826	0.605462
0.091342	0.622451
0.077512	0.639161
0.063342	0.655584
0.048837	0.671713
0.034005	0.687542
0.018851	0.703063
0.003381	0.718271
-0.012398	0.733158
-0.028479	0.747719
-0.044856	0.761947
-0.061521	0.775837
-0.078469	0.789383
-0.095690	0.802578
-0.113180	0.815417
-0.130929	0.827896
-0.148931	0.840008
-0.167178	0.851749
-0.185662	0.863113
-0.204376	0.874097
-0.223312	0.884694
-0.242461	0.894902
-0.261817	0.904715
-0.281370	0.914129
-0.301112	0.923141
-0.321035	0.931746
-0.341132	0.939941
-0.361392	0.947723
-0.381809	0.955088
-0.402372	0.962033
-0.423075	0.968555
-0.443907	0.974652
-0.464861	0.980321
-0.485927	0.985559
-0.507096	0.990365
-0.528360	0.994736
-0.549710	0.998670
-0.571137	1.002166
-0.592631	1.005222
-0.614184	1.007837
-0.635787	1.010010
-0.657431	1.011740
-0.679106	1.013027
-0.700804	1.013869
-0.722515	1.014266
-0.744230	1.014218
-0.765940	1.013725
-0.787637	1.012788
-0.809310	1.011407
-0.830951	1.009581
-0.852551	1.007313
-0.874101	1.004603
-0.895591	1.001452
-0.917013	0.997861
-0.938357	0.993832
-0.959615	0.989367
-0.980778	0.984467
-1.001837	0.979134
-1.022783	0.973372
-1.043607	0.967181
-1.064300	0.960565
-1.084854	0.953527
-1.105261	0.946069
-1.125511	0.938194
-1.145596	0.929906
-1.165508	0.921209
-1.185238	0.912105
-1.204779	0.902599
-1.224121	0.892695
-1.243257	0.882397
-1.262178	0.871709
-1.280878	0.860635
-1.299347	0.849181
-1.317579	0.837351
-1.335565	0.825150
-1.353298	0.812583
-1.370770	0.799655
-1.387975	0.786372
-1.404905	0.772739
-1.421552	0.758763
-1.437911	0.744448
-1.453974	0.729801
-1.469734	0.714828
-1.485184	0.699536
-1.500319	0.683930
-1.515132	0.668018
-1.529616	0.651805
-1.543766	0.635299
-1.557576	0.618507
-1.571039	0.601435
-1.584151	0.584091
-1.596905	0.566482
-1.609296	0.548616
-1.621320	0.530499
-1.632971	0.512140
-1.644244	0.493546
-1.655135	0.474725
-1.665638	0.455685
-1.675750	0.436433
-1.685466	0.416979
-1.694783	0.397330
-1.703695	0.377493
-1.712200	0.357479
-1.720295	0.337294
-1.727974	0.316948
-1.735236	0.296449
-1.742078	0.275805
-1.748496	0.255025
-1.754487	0.234118
-1.760050	0.213093
-1.765182	0.191959
-1.769880	0.170723
-1.774143	0.149396
-1.777969	0.127986
-1.781357	0.106501
-1.784304	0.084952
-1.786810	0.063348
-1.788874	0.041696
-1.790495	0.020006
-1.791672	-0.001712
-1.792404	-0.023450
-1.792692	-0.045198
-1.792535	-0.066948
-1.791933	-0.088690
-1.790886	-0.110415
-1.789396	-0.132114
-1.787462	-0.153779
-1.785086	-0.175399
-1.782267	-0.196966
-1.779009	-0.218471
-1.775311	-0.239904
-1.771176	-0.261258
-1.766605	-0.282522
-1.761600	-0.303688
-1.756164	-0.324748
-1.750297	-0.345691
-1.744004	-0.366511
-1.737287	-0.387197
-1.730148	-0.407741
-1.722590	-0.428134
-1.714617	-0.448369
-1.706231	-0.468436
-1.697437	-0.488327
-1.688239	-0.508035
-1.678639	-0.527549
-1.668642	-0.546863
-1.658253	-0.565968
-1.647475	-0.584857
-1.636313	-0.603520
-1.624772	-0.621952
-1.612856	-0.640143
-1.600571	-0.658086
-1.587922	-0.675774
-1.574914	-0.693199
-1.561552	-0.710355
-1.547842	-0.727233
-1.533791	-0.743826
-1.519403	-0.760129
-1.504684	-0.776133
-1.489642	-0.791833
-1.474282	-0.807222
-1.458611	-0.822292
-1.442635	-0.837039
-1.426361	-0.851455
-1.409796	-0.865535
-1.392946	-0.879273
-1.375820	-0.892662
-1.358423	-0.905699
-1.340764	-0.918376
-1.322849	-0.930689
-1.304687	-0.942632
-1.286284	-0.954201
-1.267649	-0.965391
-1.248790	-0.976197
-1.229713	-0.986614
-1.210428	-0.996639
-1.190943	-1.006266
-1.171265	-1.015492
-1.151402	-1.024313
-1.131364	-1.032726
-1.111159	-1.040726
-1.090794	-1.048311
-1.070279	-1.055478
-1.049623	-1.062222
-1.028833	-1.068542
-1.007918	-1.074435
-0.986888	-1.079899
-0.965752	-1.084930
-0.944517	-1.089528
-0.923193	-1.093690
-0.901789	-1.097414
-0.880314	-1.100699
-0.858777	-1.103543
-0.837187	-1.105946
-0.815553	-1.107906
-0.793883	-1.109422
-0.772188	-1.110495
-0.750477	-1.111122
-0.728757	-1.111305
-0.707039	-1.111043
-0.685332	-1.110336
-0.663644	-1.109185
-0.641985	-1.107590
-0.620364	-1.105551
-0.598791	-1.103070
-0.577273	-1.100148
-0.555820	-1.096785
-0.534441	-1.092984
-0.513145	-1.088746
-0.491941	-1.084072
-0.470838	-1.078965
-0.449845	-1.073427
-0.428970	-1.067460
-0.408223	-1.061067
-0.387611	-1.054250
-0.367145	-1.047012
-0.346831	-1.039357
-0.326679	-1.031287
-0.306698	-1.022806
-0.286895	-1.013917
-0.267279	-1.004625
-0.247858	-0.994932
-0.228640	-0.984844
-0.209634	-0.974365
-0.190847	-0.963498
-0.172288	-0.952249
-0.153963	-0.940622
-0.135881	-0.928622
-0.118050	-0.916254
-0.100476	-0.903524
-0.083168	-0.890436
-0.066131	-0.876996
-0.049375	-0.863211
-0.032905	-0.849085
-0.016729	-0.834624
-0.000853	-0.819835
0.014716	-0.804724
0.029972	-0.789298
0.044907	-0.773562
0.059517	-0.757523
0.073794	-0.741189
0.087732	-0.724565
0.101327	-0.707660
0.114572	-0.690479
0.127461	-0.673031
0.139989	-0.655323
0.152151	-0.637361
0.163942	-0.619154
0.175357	-0.600710
0.186391	-0.582035
0.197039	-0.563139
0.207297	-0.544028
0.217161	-0.524712
0.226626	-0.505197
0.235689	-0.485492
0.244345	-0.465606
0.252592	-0.445547
0.260425	-0.425323
0.267841	-0.404943
0.274838	-0.384416
0.281412	-0.363749
0.287560	-0.342952
0.293281	-0.322034
0.298571	-0.301003
0.303428	-0.279867
0.307850	-0.258637
0.311836	-0.237321
0.315384	-0.215928
0.318492	-0.194466
0.321159	-0.172945
0.323383	-0.151375
0.325165	-0.129763
0.326503	-0.108119
0.327396	-0.086453
0.327844	-0.064773
0.327848	-0.043088
0.327407	-0.021408
0.326520	0.000258
0.325190	0.021902
0.323415	0.043514
0.321198	0.065085
0.318538	0.086606
0.315437	0.108067
0.311896	0.129461
0.307918	0.150778
0.303502	0.172008
0.298652	0.193144
0.293369	0.214176
0.287656	0.235094
0.281514	0.255892
0.274947	0.276559
0.267958	0.297087
0.260548	0.317468
0.252722	0.337693
0.244482	0.357752
0.235833	0.377639
0.226777	0.397344
0.217319	0.416860
0.207462	0.436178
0.197210	0.455289
0.186569	0.474187
0.175542	0.492862
0.164134	0.511308
0.152350	0.529515
0.140195	0.547478
0.127673	0.565187
0.114791	0.582637
0.101553	0.599818
0.087965	0.616725
0.074033	0.633350
0.059762	0.649686
0.045160	0.665725
0.030231	0.681463
0.014982	0.696891
-0.000581	0.712003
-0.016450	0.726793
-0.032620	0.741255
-0.049084	0.755383
-0.065834	0.769170
-0.082864	0.782611
-0.100166	0.795700
-0.117733	0.808432
-0.135558	0.820802
-0.153634	0.832803
-0.171952	0.844432
-0.190506	0.855683
-0.209286	0.866551
-0.228287	0.877032
-0.247498	0.887122
-0.266913	0.896816
-0.286523	0.906110
-0.306320	0.915000
-0.326295	0.923483
-0.346441	0.931555
-0.366749	0.939212
-0.387210	0.946452
-0.407816	0.953271
-0.428557	0.959666
-0.449426	0.965635
-0.470414	0.971175
-0.491511	0.976284
-0.512710	0.980959
-0.534000	0.985200
-0.555373	0.989003
-0.576820	0.992367
-0.598333	0.995291
-0.619902	0.997774
-0.641517	0.999815
-0.663171	1.001412
-0.684853	1.002565
-0.706555	1.003274
-0.728268	1.003538
-0.749982	1.003357
-0.771689	1.002731
-0.793379	1.001661
-0.815043	1.000146
-0.836672	0.998188
-0.858257	0.995788
-0.879790	0.992945
-0.901260	0.989662
-0.922659	0.985940
-0.943978	0.981780
-0.965208	0.977185
-0.986340	0.972155
-1.007365	0.966693
-1.028275	0.960802
-1.049060	0.954484
-1.069712	0.947741
-1.090222	0.940577
-1.110582	0.932994
-1.130784	0.924995
-1.150817	0.916584
-1.170675	0.907765
-1.190349	0.898540
-1.209830	0.888915
-1.229111	0.878892
-1.248183	0.868477
-1.267038	0.857673
-1.285669	0.846485
-1.304067	0.834917
-1.322226	0.822975
-1.340136	0.810664
-1.357791	0.797988
-1.375184	0.784954
-1.392307	0.771566
-1.409152	0.757829
-1.425713	0.743751
-1.441983	0.729336
-1.457956	0.714591
-1.473623	0.699522
-1.488979	0.684135
-1.504018	0.668437
-1.518732	0.652434
-1.533116	0.636132
-1.547165	0.619540
-1.560870	0.602663
-1.574229	0.585509
-1.587233	0.568085
-1.599879	0.550398
-1.612160	0.532456
-1.624072	0.514266
-1.635610	0.495836
-1.646768	0.477173
-1.657543	0.458286
-1.667929	0.439181
-1.677922	0.419868
-1.687519	0.400355
-1.696714	0.380649
-1.705504	0.360758
-1.713886	0.340692
-1.721856	0.320458
-1.729411	0.300065
-1.736546	0.279521
-1.743261	0.258836
-1.749551	0.238017
-1.755413	0.217074
-1.760847	0.196015
-1.765848	0.174850
-1.770416	0.153586
-1.774548	0.132233
-1.778242	0.110800
-1.781498	0.089295
-1.784313	0.067728
-1.786686	0.046109
-1.788616	0.024445
-1.790104	0.002745
-1.791147	-0.018980
-1.791746	-0.040722
-1.791899	-0.062471
-1.791609	-0.084220
-1.790873	-0.105957
-1.789693	-0.127676
-1.788069	-0.149365
-1.786002	-0.171017
-1.783493	-0.192623
-1.780542	-0.214172
-1.777151	-0.235656
-1.773322	-0.257067
-1.769055	-0.278394
-1.764354	-0.299630
-1.759219	-0.320765
-1.753653	-0.341791
-1.747658	-0.362698
-1.741237	-0.383478
-1.734392	-0.404123
-1.727127	-0.424623
-1.719444	-0.444970
-1.711346	-0.465155
-1.702838	-0.485170
-1.693921	-0.505007
-1.684602	-0.524657
-1.674882	-0.544113
-1.664767	-0.563365
-1.654260	-0.582406
-1.643366	-0.601228
-1.632089	-0.619823
-1.620435	-0.638183
-1.608408	-0.656301
-1.596012	-0.674168
-1.583255	-0.691778
-1.570139	-0.709123
-1.556672	-0.726196
-1.542859	-0.742990
-1.528706	-0.759497
-1.514217	-0.775711
-1.499401	-0.791625
-1.484262	-0.807232
-1.468808	-0.822526
-1.453044	-0.837500
-1.436978	-0.852148
-1.420615	-0.866464
-1.403964	-0.880442
-1.387030	-0.894076
-1.369821	-0.907360
-1.352344	-0.920290
-1.334607	-0.932858
-1.316617	-0.945061
-1.298382	-0.956893
-1.279908	-0.968349
-1.261205	-0.979424
-1.242279	-0.990114
-1.223139	-1.000414
-1.203792	-1.010320
-1.184247	-1.019827
-1.164513	-1.028932
-1.144597	-1.037632
-1.124507	-1.045921
-1.104252	-1.053797
-1.083841	-1.061257
-1.063283	-1.068297
-1.042585	-1.074915
-1.021756	-1.081108
-1.000806	-1.086872
-0.979742	-1.092206
-0.958575	-1.097108
-0.937312	-1.101575
-0.915962	-1.105606
-0.894536	-1.109199
-0.873041	-1.112352
-0.851486	-1.115064
-0.829881	-1.117334
-0.808235	-1.119161
-0.786557	-1.120545
-0.764855	-1.121484
-0.743140	-1.121978
-0.721419	-1.122028
-0.699703	-1.121632
-0.678000	-1.120792
-0.656319	-1.119508
-0.634671	-1.117780
-0.613062	-1.115609
-0.591504	-1.112995
-0.570004	-1.109941
-0.548571	-1.106447
-0.527216	-1.102514
-0.505946	-1.098145
-0.484771	-1.093342
-0.463700	-1.088105
-0.442741	-1.082438
-0.421902	-1.076343
-0.401194	-1.069823
-0.380625	-1.062879
-0.360203	-1.055516
-0.339936	-1.047736
-0.319834	-1.039542
-0.299904	-1.030939
-0.280156	-1.021929
-0.260597	-1.012516
-0.241236	-1.002705
-0.222080	-0.992499
-0.203138	-0.981903
-0.184418	-0.970922
-0.165928	-0.959559
-0.147675	-0.947819
-0.129667	-0.935709
-0.111911	-0.923232
-0.094415	-0.910393
-0.077187	-0.897200
-0.060234	-0.883656
-0.043562	-0.869767
-0.027178	-0.855540
-0.011091	-0.840981
0.004694	-0.826095
0.020171	-0.810889
0.035331	-0.795369
0.050171	-0.779541
0.064681	-0.763413
0.078858	-0.746991
0.092695	-0.730283
0.106186	-0.713294
0.119325	-0.696032
0.132107	-0.678506
0.144527	-0.660720
0.156579	-0.642685
0.168258	-0.624406
0.179560	-0.605892
0.190479	-0.587150
0.201011	-0.568188
0.211152	-0.549015
0.220898	-0.529638
0.230243	-0.510066
0.239185	-0.490306
0.247720	-0.470367
0.255843	-0.450258
0.263552	-0.429986
0.270844	-0.409561
0.277715	-0.388991
0.284162	-0.368284
0.290183	-0.347450
0.295775	-0.326497
0.300936	-0.305433
0.305664	-0.284269
0.309956	-0.263012
0.313812	-0.241671
0.317228	-0.220257
0.320205	-0.198776
0.322740	-0.177240
0.324832	-0.155656
0.326481	-0.134034
0.327687	-0.112382
0.328447	-0.090711
0.328763	-0.069028
0.328634	-0.047344
0.328059	-0.025667
0.327041	-0.004006
0.325577	0.017629
0.323671	0.039230
0.321321	0.060786
0.318529	0.082291
0.315297	0.103733
0.311626	0.125105
0.307516	0.146396
0.302971	0.167599
0.297992	0.188705
0.292580	0.209704
0.286739	0.230587
0.280470	0.251347
0.273777	0.271973
0.266661	0.292458
0.259127	0.312793
0.251177	0.332969
0.242815	0.352978
0.234044	0.372811
0.224868	0.392461
0.215290	0.411918
0.205315	0.431175
0.194947	0.450223
0.184190	0.469055
0.173049	0.487662
0.161528	0.506037
0.149633	0.524172
0.137368	0.542060
0.124738	0.559692
0.111749	0.577062
0.098406	0.594162
0.084715	0.610985
0.070682	0.627524
0.056312	0.643772
0.041611	0.659722
0.026586	0.675368
0.011243	0.690702
-0.004412	0.705718
-0.020371	0.720411
-0.036629	0.734773
-0.053179	0.748800
-0.070013	0.762484
-0.087125	0.775820
-0.104507	0.788803
-0.122151	0.801427
-0.140052	0.813687
-0.158201	0.825577
-0.176590	0.837093
-0.195211	0.848230
-0.214058	0.858983
-0.233122	0.869347
-0.252395	0.879319
-0.271868	0.888894
-0.291535	0.898067
-0.311385	0.906836
-0.331412	0.915196
-0.351607	0.923144
-0.371961	0.930676
-0.392466	0.937790
-0.413113	0.944483
-0.433893	0.950750
-0.454798	0.956591
-0.475819	0.962002
-0.496947	0.966982
-0.518173	0.971527
-0.539488	0.975636
-0.560884	0.979308
-0.582352	0.982541
-0.603881	0.985333
-0.625465	0.987684
-0.647092	0.989592
-0.668755	0.991056
-0.690443	0.992076
-0.712149	0.992652
-0.733863	0.992783
-0.755575	0.992468
-0.777277	0.991709
-0.798960	0.990506
-0.820614	0.988859
-0.842230	0.986768
-0.863800	0.984235
-0.885314	0.981260
-0.906763	0.977846
-0.928139	0.973992
-0.949432	0.969702
-0.970633	0.964976
-0.991733	0.959817
-1.012724	0.954226
-1.033597	0.948207
-1.054343	0.941761
-1.074953	0.934892
-1.095419	0.927602
-1.115731	0.919894
-1.135883	0.911771
-1.155864	0.903238
-1.175667	0.894297
-1.195283	0.884952
-1.214705	0.875207
-1.233924	0.865066
-1.252931	0.854534
-1.271719	0.843614
-1.290281	0.832312
-1.308608	0.820632
-1.326692	0.808579
-1.344526	0.796158
-1.362103	0.783375
-1.379415	0.770234
-1.396455	0.756740
-1.413216	0.742901
-1.429690	0.728721
-1.445871	0.714207
-1.461752	0.699364
-1.477326	0.684199
-1.492587	0.668719
-1.507529	0.652928
-1.522145	0.636835
-1.536428	0.620446
-1.550374	0.603768
-1.563976	0.586807
-1.577228	0.569572
-1.590125	0.552068
-1.602662	0.534304
-1.614833	0.516287
-1.626632	0.498024
-1.638056	0.479524
-1.649100	0.460793
-1.659758	0.441840
-1.670026	0.422672
-1.679901	0.403298
-1.689377	0.383726
-1.698451	0.363964
-1.707119	0.344020
-1.715377	0.323902
-1.723222	0.303620
-1.730651	0.283181
-1.737660	0.262594
-1.744247	0.241868
-1.750409	0.221011
-1.756143	0.200033
-1.761447	0.178941
-1.766318	0.157745
-1.770755	0.136453
-1.774755	0.115075
-1.778318	0.093620
-1.781441	0.072096
-1.784123	0.050512
-1.786363	0.028878
-1.788161	0.007203
-1.789514	-0.014505
-1.790424	-0.036236
-1.790889	-0.057981
-1.790909	-0.079731
-1.790484	-0.101477
-1.789615	-0.123210
-1.788302	-0.144921
-1.786544	-0.166600
-1.784344	-0.188239
-1.781702	-0.209828
-1.778619	-0.231359
-1.775096	-0.252822
-1.771135	-0.274209
-1.766737	-0.295510
-1.761905	-0.316716
-1.756640	-0.337820
-1.750945	-0.358811
-1.744822	-0.379681
-1.738273	-0.400421
-1.731301	-0.421023
-1.723910	-0.441478
-1.716102	-0.461777
-1.707880	-0.481913
-1.699249	-0.501875
-1.690211	-0.521657
-1.680771	-0.541250
-1.670931	-0.560645
-1.660698	-0.579835
-1.650074	-0.598811
-1.639064	-0.617566
-1.627674	-0.636091
-1.615906	-0.654379
-1.603768	-0.672423
-1.591263	-0.690214
-1.578397	-0.707745
-1.565175	-0.725010
-1.551604	-0.741999
-1.537687	-0.758708
-1.523432	-0.775128
-1.508845	-0.791253
-1.493931	-0.807075
-1.478696	-0.822589
-1.463148	-0.837788
-1.447292	-0.852665
-1.431136	-0.867214
-1.414685	-0.881429
-1.397948	-0.895305
-1.380931	-0.908835
-1.363640	-0.922014
-1.346084	-0.934835
-1.328270	-0.947295
-1.310205	-0.959387
-1.291897	-0.971107
-1.273353	-0.982449
-1.254582	-0.993409
-1.235590	-1.003982
-1.216387	-1.014165
-1.196980	-1.023952
-1.177377	-1.033339
-1.157587	-1.042323
-1.137617	-1.050900
-1.117476	-1.059066
-1.097174	-1.066818
-1.076717	-1.074152
-1.056115	-1.081066
-1.035376	-1.087556
-1.014510	-1.093621
-0.993524	-1.099257
-0.972428	-1.104462
-0.951231	-1.109233
-0.929940	-1.113570
-0.908566	-1.117470
-0.887118	-1.120931
-0.865603	-1.123952
-0.844032	-1.126532
-0.822414	-1.128669
-0.800756	-1.130363
-0.779070	-1.131614
-0.757362	-1.132419
-0.735644	-1.132781
-0.713923	-1.132697
-0.692209	-1.132168
-0.670512	-1.131195
-0.648839	-1.129778
-0.627201	-1.127916
-0.605606	-1.125613
-0.584064	-1.122867
-0.562583	-1.119681
-0.541172	-1.116055
-0.519841	-1.111992
-0.498598	-1.107492
-0.477452	-1.102559
-0.456413	-1.097193
-0.435489	-1.091397
-0.414688	-1.085175
-0.394020	-1.078527
-0.373493	-1.071457
-0.353116	-1.063969
-0.332898	-1.056065
-0.312846	-1.047748
-0.292969	-1.039022
-0.273276	-1.029891
-0.253775	-1.020359
-0.234474	-1.010429
-0.215381	-1.000106
-0.196504	-0.989393
-0.177852	-0.978297
-0.159431	-0.966821
-0.141250	-0.954970
-0.123316	-0.942749
-0.105637	-0.930163
-0.088220	-0.917217
-0.071073	-0.903918
-0.054203	-0.890270
-0.037616	-0.876280
-0.021320	-0.861953
-0.005322	-0.847295
0.010372	-0.832312
0.025755	-0.817011
0.040821	-0.801398
0.055562	-0.785480
0.069974	-0.769263
0.084050	-0.752755
0.097785	-0.735961
0.111171	-0.718890
0.124205	-0.701548
0.136879	-0.683943
0.149190	-0.666082
0.161131	-0.647973
0.172698	-0.629622
0.183887	-0.611039
0.194691	-0.592231
0.205107	-0.573205
0.215130	-0.553970
0.224757	-0.534533
0.233982	-0.514904
0.242803	-0.495089
0.251216	-0.475099
0.259216	-0.454940
0.266801	-0.434621
0.273967	-0.414152
0.280712	-0.393539
0.287032	-0.372794
0.292925	-0.351923
0.298389	-0.330936
0.303421	-0.309841
0.308019	-0.288648
0.312181	-0.267365
0.315906	-0.246001
0.319191	-0.224566
0.322036	-0.203068
0.324439	-0.181516
0.326399	-0.159919
0.327916	-0.138287
0.328989	-0.116629
0.329617	-0.094953
0.329800	-0.073269
0.329537	-0.051586
0.328831	-0.029913
0.327679	-0.008259
0.326083	0.013367
0.324044	0.034955
0.321563	0.056497
0.318640	0.077984
0.315276	0.099406
0.311474	0.120755
0.307234	0.142021
0.302559	0.163196
0.297451	0.184270
0.291910	0.205236
0.285941	0.226083
0.279546	0.246804
0.272726	0.267389
0.265486	0.287830
0.257827	0.308118
0.249754	0.328245
0.241269	0.348202
0.232377	0.367981
0.223080	0.387574
0.213384	0.406972
0.203291	0.426167
0.192807	0.445152
0.181935	0.463917
0.170680	0.482456
0.159047	0.500760
0.147041	0.518822
0.134666	0.536634
0.121929	0.554188
0.108834	0.571478
0.095387	0.588496
0.081593	0.605235
0.067459	0.621687
0.052989	0.637847
0.038192	0.653706
0.023071	0.669259
0.007635	0.684499
-0.008112	0.699419
-0.024161	0.714013
-0.040507	0.728276
-0.057142	0.742200
-0.074059	0.755781
-0.091252	0.769012
-0.108713	0.781888
-0.126435	0.794403
-0.144410	0.806553
-0.162631	0.818332
-0.181090	0.829735
-0.199779	0.840757
-0.218691	0.851394
-0.237818	0.861641
-0.257151	0.871494
-0.276683	0.880949
-0.296405	0.890002
-0.316309	0.898649
-0.336386	0.906886
-0.356629	0.914710
-0.377029	0.922117
-0.397576	0.929105
-0.418264	0.935671
-0.439082	0.941811
-0.460022	0.947523
-0.481075	0.952805
-0.502233	0.957655
-0.523486	0.962070
-0.544826	0.966049
-0.566244	0.969589
-0.587730	0.972690
-0.609277	0.975350
-0.630873	0.977568
-0.652512	0.979343
-0.674183	0.980675
-0.695877	0.981562
-0.717585	0.982004
-0.739299	0.982002
-0.761009	0.981554
-0.782706	0.980662
-0.804380	0.979326
-0.826023	0.977546
-0.847626	0.975322
-0.869180	0.972657
-0.890675	0.969551
-0.912103	0.966004
-0.933454	0.962020
-0.954719	0.957599
-0.975891	0.952743
-0.996959	0.947454
-1.017915	0.941735
-1.038750	0.935588
-1.059456	0.929015
-1.080023	0.922020
-1.100443	0.914604
-1.120708	0.906772
-1.140809	0.898526
-1.160737	0.889870
-1.180484	0.880807
-1.200043	0.871342
-1.219404	0.861478
-1.238559	0.851220
-1.257501	0.840571
-1.276222	0.829537
-1.294714	0.818121
-1.312968	0.806329
-1.330978	0.794165
-1.348735	0.781635
-1.366233	0.768744
-1.383464	0.755496
-1.400420	0.741899
-1.417095	0.727957
-1.433482	0.713677
-1.449573	0.699063
-1.465363	0.684124
-1.480843	0.668863
-1.496009	0.653289
-1.510853	0.637408
-1.525369	0.621225
-1.539552	0.604749
-1.553395	0.587985
-1.566892	0.570942
-1.580038	0.553625
-1.592827	0.536043
-1.605254	0.518202
-1.617314	0.500111
-1.629001	0.481776
-1.640311	0.463206
-1.651239	0.444407
-1.661780	0.425389
-1.671930	0.406159
-1.681685	0.386725
-1.691041	0.367095
-1.699993	0.347277
-1.708538	0.327281
-1.716672	0.307113
-1.724393	0.286783
-1.731696	0.266299
-1.738578	0.245669
-1.745038	0.224903
-1.751071	0.204009
-1.756676	0.182996
-1.761850	0.161872
-1.766590	0.140646
-1.770896	0.119328
-1.774765	0.097926
-1.778196	0.076449
-1.781186	0.054906
-1.783736	0.033307
-1.785843	0.011660
-1.787507	-0.010026
-1.788727	-0.031742
-1.789503	-0.053478
-1.789834	-0.075226
-1.789721	-0.096976
-1.789162	-0.118719
-1.788159	-0.140446
-1.786712	-0.162148
-1.784822	-0.183816
-1.782489	-0.205441
-1.779714	-0.227014
-1.776498	-0.248525
-1.772843	-0.269966
-1.768751	-0.291328
-1.764222	-0.312602
-1.759260	-0.333778
-1.753865	-0.354849
-1.748041	-0.375804
-1.741789	-0.396636
-1.735113	-0.417336
-1.728015	-0.437895
-1.720498	-0.458304
-1.712565	-0.478555
-1.704220	-0.498639
-1.695466	-0.518549
-1.686306	-0.538275
-1.676746	-0.557809
-1.666787	-0.577144
-1.656436	-0.596270
-1.645695	-0.615181
-1.634571	-0.633867
-1.623066	-0.652323
-1.611187	-0.670538
-1.598937	-0.688507
-1.586323	-0.706221
-1.573350	-0.723673
-1.560022	-0.740856
-1.546346	-0.757762
-1.532327	-0.774385
-1.517971	-0.790717
-1.503285	-0.806752
-1.488273	-0.822483
-1.472944	-0.837903
-1.457302	-0.853006
-1.441355	-0.867785
-1.425109	-0.882235
-1.408572	-0.896349
-1.391749	-0.910122
-1.374649	-0.923547
-1.357278	-0.936619
-1.339643	-0.949333
-1.321753	-0.961683
-1.303613	-0.973664
-1.285233	-0.985271
-1.266620	-0.996499
-1.247781	-1.007344
-1.228725	-1.017800
-1.209459	-1.027865
-1.189992	-1.037532
-1.170332	-1.046799
-1.150486	-1.055661
-1.130464	-1.064115
-1.110273	-1.072158
-1.089923	-1.079785
-1.069421	-1.086994
-1.048777	-1.093781
-1.027999	-1.100144
-1.007095	-1.106080
-0.986075	-1.111587
-0.964947	-1.116662
-0.943720	-1.121304
-0.922404	-1.125510
-0.901006	-1.129278
-0.879536	-1.132608
-0.858003	-1.135496
-0.836416	-1.137944
-0.814785	-1.139949
-0.793117	-1.141510
-0.771423	-1.142627
-0.749711	-1.143300
-0.727990	-1.143527
-0.706270	-1.143310
-0.684560	-1.142648
-0.662868	-1.141542
-0.641204	-1.139992
-0.619577	-1.137998
-0.597997	-1.135561
-0.576471	-1.132683
-0.555010	-1.129365
-0.533621	-1.125608
-0.512315	-1.121414
-0.491100	-1.116784
-0.469985	-1.111721
-0.448979	-1.106226
-0.428090	-1.100302
-0.407328	-1.093952
-0.386701	-1.087178
-0.366217	-1.079982
-0.345886	-1.072369
-0.325716	-1.064341
-0.305715	-1.055901
-0.285892	-1.047053
-0.266256	-1.037801
-0.246813	-1.028149
-0.227573	-1.018101
-0.208543	-1.007661
-0.189732	-0.996833
-0.171148	-0.985622
-0.152798	-0.974033
-0.134689	-0.962071
-0.116831	-0.949740
-0.099229	-0.937046
-0.081892	-0.923994
-0.064826	-0.910589
-0.048039	-0.896838
-0.031539	-0.882746
-0.015331	-0.868319
0.000578	-0.853563
0.016180	-0.838484
0.031469	-0.823089
0.046438	-0.807384
0.061083	-0.791376
0.075395	-0.775071
0.089370	-0.758476
0.103001	-0.741599
0.116283	-0.724446
0.129210	-0.707024
0.141777	-0.689342
0.153978	-0.671405
0.165808	-0.653223
0.177263	-0.634802
0.188337	-0.616150
0.199026	-0.597276
0.209325	-0.578186
0.219231	-0.558890
0.228738	-0.539395
0.237843	-0.519709
0.246543	-0.499841
0.254832	-0.479799
0.262709	-0.459591
0.270169	-0.439226
0.277210	-0.418713
0.283829	-0.398060
0.290022	-0.377276
0.295787	-0.356369
0.301122	-0.335349
0.306025	-0.314224
0.310493	-0.293003
0.314525	-0.271694
0.318119	-0.250308
0.321273	-0.228853
0.323986	-0.207338
0.326257	-0.185772
0.328085	-0.164164
0.329469	-0.142523
0.330409	-0.120858
0.330904	-0.099179
0.330954	-0.077494
0.330559	-0.055813
0.329720	-0.034144
0.328436	-0.012498
0.326708	0.009118
0.324536	0.030693
0.321923	0.052220
0.318868	0.073688
0.315374	0.095089
0.311441	0.116414
0.307071	0.137654
0.302266	0.158800
0.297029	0.179843
0.291360	0.200774
0.285264	0.221584
0.278741	0.242265
0.271796	0.262808
0.264430	0.283204
0.256648	0.303445
0.248451	0.323522
0.239845	0.343427
0.230831	0.363151
0.221415	0.382686
0.211600	0.402024
0.201390	0.421157
0.190790	0.440077
0.179803	0.458775
0.168435	0.477245
0.156690	0.495477
0.144574	0.513465
0.132091	0.531200
0.119246	0.548677
0.106045	0.565886
0.092494	0.582821
0.078598	0.599475
0.064363	0.615840
0.049796	0.631910
0.034901	0.647679
0.019686	0.663139
0.004156	0.678283
-0.011681	0.693107
-0.027819	0.707602
-0.044252	0.721764
-0.060972	0.735586
-0.077972	0.749063
-0.095245	0.762188
-0.112784	0.774957
-0.130582	0.787363
-0.148631	0.799402
-0.166924	0.811069
-0.185452	0.822359
-0.204209	0.833266
-0.223186	0.843787
-0.242374	0.853917
-0.261767	0.863651
-0.281356	0.872986
-0.301133	0.881917
-0.321090	0.890442
-0.341217	0.898556
-0.361507	0.906255
-0.381952	0.913537
-0.402541	0.920399
-0.423268	0.926838
-0.444123	0.932850
-0.465098	0.938434
-0.486183	0.943586
-0.507370	0.948306
-0.528649	0.952591
-0.550013	0.956438
-0.571452	0.959847
-0.592957	0.962816
-0.614518	0.965344
-0.636128	0.967430
-0.657777	0.969072
-0.679455	0.970270
-0.701154	0.971024
-0.722864	0.971334
-0.744577	0.971198
-0.766284	0.970617
-0.787974	0.969592
-0.809640	0.968123
-0.831271	0.966210
-0.852860	0.963854
-0.874396	0.961057
-0.895872	0.957818
-0.917277	0.954141
-0.938603	0.950025
-0.959841	0.945474
-0.980982	0.940488
-1.002016	0.935070
-1.022937	0.929223
-1.043733	0.922948
-1.064398	0.916248
-1.084921	0.909126
-1.105296	0.901586
-1.125512	0.893629
-1.145561	0.885260
-1.165435	0.876482
-1.185127	0.867299
-1.204626	0.857714
-1.223926	0.847731
-1.243018	0.837356
-1.261894	0.826591
-1.280547	0.815442
-1.298967	0.803913
-1.317149	0.792009
-1.335083	0.779735
-1.352763	0.767096
-1.370181	0.754098
-1.387330	0.740745
-1.404202	0.727044
-1.420791	0.713000
-1.437089	0.698619
-1.453091	0.683908
-1.468788	0.668871
-1.484174	0.653516
-1.499243	0.637849
-1.513990	0.621877
-1.528406	0.605606
-1.542487	0.589043
-1.556226	0.572195
-1.569618	0.555069
-1.582657	0.537672
-1.595338	0.520011
-1.607655	0.502095
-1.619603	0.483930
-1.631177	0.465524
-1.642373	0.446884
-1.653185	0.428019
-1.663609	0.408937
-1.673641	0.389645
-1.683276	0.370151
-1.692511	0.350465
-1.701341	0.330593
-1.709763	0.310544
-1.717773	0.290327
-1.725368	0.269950
-1.732545	0.249421
-1.739300	0.228750
-1.745632	0.207944
-1.751537	0.187014
-1.757012	0.165966
-1.762056	0.144811
-1.766666	0.123557
-1.770841	0.102213
-1.774578	0.080787
-1.777876	0.059290
-1.780734	0.037729
-1.783151	0.016115
-1.785125	-0.005545
-1.786655	-0.027241
-1.787742	-0.048964
-1.788384	-0.070704
-1.788582	-0.092453
-1.788334	-0.114202
-1.787642	-0.135941
-1.786506	-0.157662
-1.784925	-0.179355
-1.782902	-0.201011
-1.780435	-0.222621
-1.777528	-0.244176
-1.774180	-0.265667
-1.770393	-0.287085
-1.766170	-0.308422
-1.761510	-0.329667
-1.756418	-0.350813
-1.750894	-0.371850
-1.744941	-0.392769
-1.738561	-0.413562
-1.731758	-0.434221
-1.724533	-0.454736
-1.716891	-0.475098
-1.708834	-0.495300
-1.700365	-0.515333
-1.691488	-0.535188
-1.682208	-0.554858
-1.672527	-0.574333
-1.662450	-0.593606
-1.651981	-0.612668
-1.641125	-0.631513
-1.629885	-0.650131
-1.618267	-0.668515
-1.606276	-0.686657
-1.593916	-0.704550
-1.581193	-0.722187
-1.568112	-0.739559
-1.554679	-0.756660
-1.540899	-0.773482
-1.526778	-0.790018
-1.512322	-0.806262
-1.497537	-0.822206
-1.482430	-0.837844
-1.467005	-0.853170
-1.451271	-0.868177
-1.435233	-0.882858
-1.418899	-0.897208
-1.402275	-0.911220
-1.385368	-0.924889
-1.368185	-0.938209
-1.350734	-0.951175
-1.333021	-0.963780
-1.315055	-0.976020
-1.296842	-0.987889
-1.278391	-0.999383
-1.259709	-1.010497
-1.240803	-1.021226
-1.221683	-1.031565
-1.202356	-1.041511
-1.182829	-1.051059
-1.163112	-1.060205
-1.143212	-1.068945
-1.123138	-1.077276
-1.102898	-1.085195
-1.082501	-1.092697
-1.061955	-1.099779
-1.041269	-1.106440
-1.020452	-1.112675
-0.999512	-1.118483
-0.978458	-1.123861
-0.957299	-1.128806
-0.936044	-1.133318
-0.914702	-1.137392
-0.893281	-1.141029
-0.871791	-1.144227
-0.850240	-1.146984
-0.828638	-1.149298
-0.806995	-1.151170
-0.785317	-1.152598
-0.763616	-1.153582
-0.741900	-1.154122
-0.720178	-1.154216
-0.698460	-1.153866
-0.676753	-1.153071
-0.655069	-1.151831
-0.633415	-1.150148
-0.611800	-1.148021
-0.590235	-1.145452
-0.568727	-1.142442
-0.547286	-1.138993
-0.525921	-1.135104
-0.504640	-1.130779
-0.483454	-1.126019
-0.462370	-1.120827
-0.441397	-1.115203
-0.420545	-1.109151
-0.399822	-1.102673
-0.379236	-1.095772
-0.358797	-1.088451
-0.338513	-1.080713
-0.318392	-1.072561
-0.298443	-1.063999
-0.278675	-1.055030
-0.259095	-1.045658
-0.239711	-1.035886
-0.220533	-1.025720
-0.201568	-1.015163
-0.182823	-1.004220
-0.164307	-0.992896
-0.146028	-0.981194
-0.127994	-0.969121
-0.110210	-0.956680
-0.092687	-0.943878
-0.075430	-0.930720
-0.058446	-0.917211
-0.041744	-0.903357
-0.025330	-0.889164
-0.009210	-0.874638
0.006607	-0.859785
0.022117	-0.844610
0.037312	-0.829122
0.052185	-0.813325
0.066731	-0.797227
0.080943	-0.780834
0.094816	-0.764154
0.108344	-0.747193
0.121521	-0.729959
0.134341	-0.712458
0.146799	-0.694699
0.158890	-0.676688
0.170609	-0.658433
0.181950	-0.639943
0.192910	-0.621223
0.203484	-0.602283
0.213666	-0.583131
0.223453	-0.563774
0.232841	-0.544221
0.241825	-0.524480
0.250403	-0.504558
0.258570	-0.484466
0.266323	-0.464210
0.273658	-0.443800
0.280573	-0.423244
0.287065	-0.402550
0.293131	-0.381728
0.298768	-0.360787
0.303975	-0.339734
0.308748	-0.318579
0.313086	-0.297331
0.316987	-0.275999
0.320450	-0.254591
0.323472	-0.233117
0.326054	-0.211585
0.328192	-0.190005
0.329888	-0.168386
0.331140	-0.146737
0.331947	-0.125067
0.332309	-0.103385
0.332227	-0.081701
0.331699	-0.060022
0.330727	-0.038359
0.329310	-0.016721
0.327450	0.004884
0.325147	0.026446
0.322401	0.047956
0.319215	0.069405
0.315590	0.090784
0.311526	0.112085
0.307026	0.133297
0.302092	0.154413
0.296726	0.175423
0.290930	0.196319
0.284706	0.217092
0.278057	0.237732
0.270986	0.258232
0.263495	0.278583
0.255589	0.298776
0.247270	0.318802
0.238542	0.338654
0.229408	0.358322
0.219872	0.377799
0.209939	0.397077
0.199612	0.416147
0.188896	0.435001
0.177795	0.453632
0.166314	0.472031
0.154458	0.490191
0.142231	0.508104
0.129640	0.525763
0.116689	0.543160
0.103383	0.560288
0.089728	0.577139
0.075731	0.593708
0.061396	0.609985
0.046730	0.625966
0.031739	0.641643
0.016430	0.657009
0.000808	0.672058
-0.015120	0.686784
-0.031346	0.701180
-0.047865	0.715241
-0.064669	0.728960
-0.081751	0.742332
-0.099105	0.755351
-0.116722	0.768012
-0.134595	0.780309
-0.152717	0.792238
-0.171081	0.803792
-0.189678	0.814967
-0.208501	0.825760
-0.227541	0.836164
-0.246792	0.846176
-0.266244	0.855791
-0.285889	0.865005
-0.305720	0.873815
-0.325728	0.882217
-0.345905	0.890207
-0.366242	0.897782
-0.386730	0.904939
-0.407361	0.911674
-0.428127	0.917985
-0.449018	0.923869
-0.470026	0.929324
-0.491142	0.934348
-0.512357	0.938937
-0.533662	0.943091
-0.555049	0.946808
-0.576508	0.950085
-0.598030	0.952922
-0.619607	0.955318
-0.641229	0.957271
-0.662886	0.958780
-0.684571	0.959846
-0.706274	0.960466
-0.727986	0.960642
-0.749697	0.960373
-0.771399	0.959660
-0.793083	0.958501
-0.814739	0.956899
-0.836358	0.954854
-0.857931	0.952365
-0.879450	0.949436
-0.900905	0.946066
-0.922286	0.942257
-0.943586	0.938011
-0.964796	0.933329
-0.985905	0.928214
-1.006906	0.922667
-1.027790	0.916691
-1.048547	0.910289
-1.069170	0.903463
-1.089649	0.896215
-1.109976	0.888550
-1.130143	0.880469
-1.150140	0.871977
-1.169960	0.863078
-1.189594	0.853773
-1.209034	0.844069
-1.228272	0.833969
-1.247300	0.823476
-1.266109	0.812596
-1.284693	0.801332
-1.303042	0.789690
-1.321150	0.777675
-1.339008	0.765291
-1.356610	0.752544
-1.373947	0.739439
-1.391014	0.725982
-1.407801	0.712178
-1.424303	0.698032
-1.440513	0.683552
-1.456423	0.668742
-1.472027	0.653610
-1.487319	0.638161
-1.502292	0.622402
-1.516939	0.606339
-1.531255	0.589980
-1.545234	0.573331
-1.558869	0.556399
-1.572155	0.539191
-1.585087	0.521714
-1.597659	0.503977
-1.609866	0.485985
-1.621702	0.467747
-1.633162	0.449270
-1.644243	0.430562
-1.654939	0.411632
-1.665245	0.392486
-1.675158	0.373132
-1.684673	0.353580
-1.693787	0.333837
-1.702494	0.313911
-1.710793	0.293811
-1.718679	0.273545
-1.726148	0.253122
-1.733199	0.232550
-1.739827	0.211838
-1.746030	0.190994
-1.751806	0.170028
-1.757152	0.148947
-1.762066	0.127761
-1.766545	0.106479
-1.770588	0.085110
-1.774194	0.063662
-1.777360	0.042145
-1.780085	0.020567
-1.782369	-0.001062
-1.784209	-0.022734
-1.785607	-0.044438
-1.786560	-0.066167
-1.787068	-0.087911
-1.787132	-0.109661
-1.786751	-0.131408
-1.785925	-0.153142
-1.784655	-0.174856
-1.782941	-0.196538
-1.780784	-0.218181
-1.778185	-0.239776
-1.775145	-0.261313
-1.771665	-0.282783
-1.767747	-0.304178
-1.763392	-0.325487
-1.758602	-0.346704
-1.753380	-0.367818
-1.747726	-0.388820
-1.741645	-0.409703
-1.735137	-0.430457
-1.728207	-0.451073
-1.720856	-0.471543
-1.713089	-0.491858
-1.704907	-0.512010
-1.696316	-0.531991
-1.687317	-0.551791
-1.677916	-0.571403
-1.668115	-0.590818
-1.657920	-0.610029
-1.647334	-0.629027
-1.636362	-0.647805
-1.625008	-0.666353
-1.613277	-0.684666
-1.601174	-0.702734
-1.588705	-0.720551
-1.575874	-0.738109
-1.562686	-0.755400
-1.549148	-0.772418
-1.535265	-0.789155
-1.521042	-0.805605
-1.506487	-0.821759
-1.491604	-0.837613
-1.476400	-0.853158
-1.460882	-0.868389
-1.445055	-0.883299
-1.428928	-0.897881
-1.412505	-0.912130
-1.395795	-0.926040
-1.378804	-0.939605
-1.361540	-0.952820
-1.344009	-0.965678
-1.326219	-0.978174
-1.308177	-0.990303
-1.289892	-1.002061
-1.271370	-1.013441
-1.252620	-1.024440
-1.233649	-1.035053
-1.214465	-1.045275
-1.195076	-1.055102
-1.175491	-1.064530
-1.155718	-1.073554
-1.135765	-1.082172
-1.115640	-1.090380
-1.095351	-1.098174
-1.074908	-1.105550
-1.054319	-1.112507
-1.033593	-1.119040
-1.012737	-1.125148
-0.991761	-1.130827
-0.970675	-1.136076
-0.949485	-1.140891
-0.928203	-1.145272
-0.906835	-1.149215
-0.885392	-1.152721
-0.863882	-1.155786
-0.842315	-1.158411
-0.820699	-1.160593
-0.799044	-1.162332
-0.777358	-1.163627
-0.755651	-1.164478
-0.733932	-1.164884
-0.712209	-1.164845
-0.690493	-1.164361
-0.668792	-1.163433
-0.647115	-1.162060
-0.625471	-1.160244
-0.603870	-1.157984
-0.582320	-1.155283
-0.560831	-1.152141
-0.539411	-1.148560
-0.518070	-1.144541
-0.496816	-1.140085
-0.475659	-1.135195
-0.454607	-1.129873
-0.433669	-1.124121
-0.412854	-1.117941
-0.392171	-1.111336
-0.371627	-1.104309
-0.351233	-1.096863
-0.330997	-1.089000
-0.310926	-1.080725
-0.291030	-1.072040
-0.271316	-1.062950
-0.251794	-1.053458
-0.232471	-1.043568
-0.213355	-1.033284
-0.194454	-1.022611
-0.175777	-1.011553
-0.157331	-1.000115
-0.139124	-0.988301
-0.121163	-0.976117
-0.103456	-0.963568
-0.086011	-0.950658
-0.068835	-0.937394
-0.051934	-0.923782
-0.035317	-0.909825
-0.018990	-0.895532
-0.002959	-0.880907
0.012767	-0.865956
0.028183	-0.850687
0.043283	-0.835106
0.058060	-0.819218
0.072507	-0.803031
0.086619	-0.786551
0.100389	-0.769786
0.113813	-0.752743
0.126884	-0.735428
0.139597	-0.717849
0.151946	-0.700013
0.163926	-0.681928
0.175533	-0.663602
0.186761	-0.645042
0.197606	-0.626255
0.208064	-0.607251
0.218128	-0.588037
0.227797	-0.568620
0.237065	-0.549009
0.245928	-0.529213
0.254384	-0.509240
0.262427	-0.489097
0.270056	-0.468794
0.277267	-0.448339
0.284056	-0.427741
0.290421	-0.407008
0.296359	-0.386150
0.301868	-0.365174
0.306945	-0.344089
0.311589	-0.322905
0.315797	-0.301631
0.319567	-0.280275
0.322899	-0.258846
0.325790	-0.237354
0.328239	-0.215807
0.330246	-0.194214
0.331809	-0.172585
0.332928	-0.150929
0.333603	-0.129254
0.333832	-0.107571
0.333617	-0.085887
0.332956	-0.064212
0.331851	-0.042555
0.330302	-0.020926
0.328310	0.000667
0.325874	0.022214
0.322997	0.043707
0.319680	0.065136
0.315924	0.086493
0.311730	0.107768
0.307100	0.128953
0.302037	0.150038
0.296542	0.171015
0.290618	0.191875
0.284267	0.212609
0.277492	0.233208
0.270295	0.253664
0.262680	0.273969
0.254651	0.294113
0.246209	0.314088
0.237359	0.333885
0.228105	0.353498
0.218450	0.372916
0.208399	0.392132
0.197956	0.411138
0.187124	0.429927
0.175910	0.448489
0.164316	0.466817
0.152349	0.484904
0.140014	0.502742
0.127314	0.520323
0.114257	0.537640
0.100846	0.554686
0.087089	0.571454
0.072990	0.587936
0.058556	0.604125
0.043793	0.620016
0.028707	0.635600
0.013303	0.650872
-0.002410	0.665825
-0.018428	0.680453
-0.034742	0.694750
-0.051347	0.708709
-0.068234	0.722325
-0.085398	0.735592
-0.102830	0.748504
-0.120525	0.761056
-0.138473	0.773244
-0.156668	0.785060
-0.175101	0.796502
-0.193766	0.807563
-0.212655	0.818240
-0.231758	0.828527
-0.251070	0.838420
-0.270580	0.847916
-0.290282	0.857010
-0.310166	0.865698
-0.330225	0.873977
-0.350450	0.881843
-0.370832	0.889293
-0.391364	0.896324
-0.412036	0.902932
-0.432839	0.909116
-0.453766	0.914872
-0.474807	0.920198
-0.495953	0.925092
-0.517195	0.929551
-0.538525	0.933574
-0.559934	0.937159
-0.581412	0.940305
-0.602951	0.943010
-0.624542	0.945273
-0.646175	0.947093
-0.667841	0.948470
-0.689532	0.949402
-0.711238	0.949890
-0.732950	0.949933
-0.754659	0.949530
-0.776356	0.948684
-0.798032	0.947392
-0.819677	0.945657
-0.841283	0.943479
-0.862840	0.940859
-0.884340	0.937797
-0.905774	0.934295
-0.927131	0.930356
-0.948405	0.925979
-0.969584	0.921167
-0.990662	0.915922
-1.011628	0.910247
-1.032474	0.904143
-1.053192	0.897614
-1.073772	0.890661
-1.094206	0.883288
-1.114485	0.875498
-1.134601	0.867294
-1.154546	0.858680
-1.174311	0.849658
-1.193887	0.840234
-1.213267	0.830411
-1.232442	0.820192
-1.251405	0.809583
-1.270147	0.798588
-1.288660	0.787210
-1.306937	0.775456
-1.324971	0.763330
-1.342753	0.750837
-1.360275	0.737982
-1.377532	0.724771
-1.394515	0.711209
-1.411217	0.697302
-1.427632	0.683056
-1.443752	0.668476
-1.459571	0.653570
-1.475081	0.638342
-1.490278	0.622799
-1.505153	0.606949
-1.519701	0.590797
-1.533916	0.574350
-1.547792	0.557615
-1.561323	0.540600
-1.574503	0.523311
-1.587327	0.505755
-1.599790	0.487941
-1.611886	0.469875
-1.623609	0.451564
-1.634956	0.433018
-1.645921	0.414243
-1.656501	0.395246
-1.666689	0.376038
-1.676483	0.356624
-1.685877	0.337014
-1.694869	0.317215
-1.703454	0.297236
-1.711629	0.277086
-1.719390	0.256772
-1.726733	0.236303
-1.733657	0.215688
-1.740158	0.194936
-1.746233	0.174055
-1.751880	0.153053
-1.757096	0.131940
-1.761879	0.110725
-1.766228	0.089416
-1.770139	0.068022
-1.773613	0.046552
-1.776647	0.025016
-1.779239	0.003422
-1.781390	-0.018221
-1.783097	-0.039903
-1.784361	-0.061616
-1.785180	-0.083350
-1.785555	-0.105097
-1.785485	-0.126846
-1.784970	-0.148590
-1.784010	-0.170319
-1.782607	-0.192024
-1.780760	-0.213696
-1.778470	-0.235325
-1.775738	-0.256904
-1.772565	-0.278421
-1.768954	-0.299870
-1.764904	-0.321240
-1.760418	-0.342523
-1.755498	-0.363709
-1.750145	-0.384791
-1.744363	-0.405758
-1.738153	-0.426603
-1.731518	-0.447316
-1.724461	-0.467889
-1.716985	-0.488314
-1.709092	-0.508581
-1.700787	-0.528683
-1.692073	-0.548610
-1.682953	-0.568355
-1.673431	-0.587909
-1.663511	-0.607263
-1.653198	-0.626411
-1.642495	-0.645344
-1.631407	-0.664053
-1.619940	-0.682532
-1.608096	-0.700772
-1.595883	-0.718766
-1.583304	-0.736506
-1.570365	-0.753985
-1.557071	-0.771195
-1.543429	-0.788129
-1.529443	-0.804781
-1.515119	-0.821143
-1.500464	-0.837208
-1.485484	-0.852969
-1.470185	-0.868421
-1.454573	-0.883556
-1.438655	-0.898369
-1.422438	-0.912852
-1.405928	-0.927000
-1.389133	-0.940807
-1.372059	-0.954268
-1.354713	-0.967376
-1.337103	-0.980126
-1.319237	-0.992513
-1.301121	-1.004531
-1.282763	-1.016176
-1.264172	-1.027443
-1.245354	-1.038326
-1.226318	-1.048822
-1.207071	-1.058926
-1.187623	-1.068634
-1.167980	-1.077941
-1.148151	-1.086845
-1.128145	-1.095340
-1.107970	-1.103424
-1.087633	-1.111093
-1.067145	-1.118344
-1.046513	-1.125174
-1.025747	-1.131580
-1.004854	-1.137560
-0.983844	-1.143110
-0.962725	-1.148229
-0.941506	-1.152914
-0.920196	-1.157164
-0.898805	-1.160976
-0.877340	-1.164350
-0.855812	-1.167284
-0.834229	-1.169775
-0.812600	-1.171825
-0.790934	-1.173431
-0.769240	-1.174593
-0.747528	-1.175310
-0.725806	-1.175583
-0.704084	-1.175411
-0.682371	-1.174794
-0.660675	-1.173732
-0.639007	-1.172226
-0.617374	-1.170277
-0.595787	-1.167885
-0.574254	-1.165052
-0.552784	-1.161778
-0.531386	-1.158065
-0.510070	-1.153915
-0.488844	-1.149329
-0.467716	-1.144310
-0.446697	-1.138858
-0.425795	-1.132977
-0.405018	-1.126670
-0.384375	-1.119938
-0.363875	-1.112785
-0.343527	-1.105214
-0.323338	-1.097227
-0.303318	-1.088829
-0.283475	-1.080022
-0.263818	-1.070811
-0.244354	-1.061199
-0.225091	-1.051190
-0.206038	-1.040789
-0.187204	-1.030001
-0.168594	-1.018828
-0.150218	-1.007277
-0.132084	-0.995352
-0.114198	-0.983058
-0.096568	-0.970400
-0.079202	-0.957384
-0.062107	-0.944015
-0.045290	-0.930298
-0.028759	-0.916240
-0.012519	-0.901847
0.003421	-0.887123
0.019056	-0.872077
0.034379	-0.856713
0.049383	-0.841039
0.064062	-0.825061
0.078410	-0.808785
0.092420	-0.792220
0.106088	-0.775370
0.119407	-0.758245
0.132372	-0.740850
0.144977	-0.723193
0.157217	-0.705282
0.169086	-0.687124
0.180581	-0.668726
0.191695	-0.650098
0.202425	-0.631245
0.212766	-0.612177
0.222713	-0.592901
0.232262	-0.573425
0.241410	-0.553758
0.250152	-0.533908
0.258485	-0.513883
0.266405	-0.493691
0.273909	-0.473342
0.280994	-0.452843
0.287657	-0.432203
0.293895	-0.411432
0.299705	-0.390537
0.305086	-0.369528
0.310034	-0.348412
0.314548	-0.327200
0.318625	-0.305900
0.322265	-0.284522
0.325465	-0.263073
0.328224	-0.241563
0.330542	-0.220001
0.332416	-0.198397
0.333847	-0.176759
0.334834	-0.155096
0.335375	-0.133417
0.335472	-0.111733
0.335124	-0.090050
0.334331	-0.068380
0.333093	-0.046731
0.331412	-0.025111
0.329287	-0.003531
0.326720	0.018001
0.323711	0.039476
0.320263	0.060885
0.316376	0.082218
0.312051	0.103467
0.307292	0.124623
0.302100	0.145677
0.296477	0.166620
0.290425	0.187443
0.283947	0.208137
0.277046	0.228695
0.269724	0.249106
0.261985	0.269364
0.253832	0.289458
0.245268	0.309381
0.236298	0.329124
0.226924	0.348679
0.217150	0.368038
0.206982	0.387192
0.196422	0.406134
0.185476	0.424855
0.174148	0.443348
0.162442	0.461605
0.150365	0.479618
0.137920	0.497380
0.125114	0.514883
0.111950	0.532120
0.098436	0.549083
0.084576	0.565766
0.070377	0.582161
0.055844	0.598262
0.040984	0.614061
0.025802	0.629553
0.010306	0.644730
-0.005499	0.659587
-0.021605	0.674116
-0.038007	0.688312
-0.054696	0.702169
-0.071667	0.715681
-0.088911	0.728842
-0.106423	0.741648
-0.124193	0.754091
-0.142216	0.766168
-0.160482	0.777873
-0.178986	0.789201
-0.197718	0.800148
-0.216671	0.810708
-0.235837	0.820878
-0.255208	0.830653
-0.274776	0.840029
-0.294533	0.849001
-0.314470	0.857567
-0.334579	0.865723
-0.354852	0.873465
-0.375279	0.880790
-0.395853	0.887695
-0.416565	0.894176
-0.437406	0.900232
-0.458367	0.905859
-0.479440	0.911056
-0.500615	0.915820
-0.521884	0.920149
-0.543238	0.924041
-0.564668	0.927495
-0.586165	0.930509
-0.607720	0.933082
-0.629324	0.935212
-0.650967	0.936900
-0.672642	0.938143
-0.694337	0.938943
-0.716045	0.939297
-0.737757	0.939207
-0.759463	0.938671
-0.781154	0.937692
-0.802821	0.936267
-0.824455	0.934400
-0.846047	0.932089
-0.867587	0.929336
-0.889068	0.926143
-0.910479	0.922510
-0.931812	0.918439
-0.953057	0.913932
-0.974207	0.908990
-0.995251	0.903616
-1.016182	0.897812
-1.036990	0.891581
-1.057667	0.884924
-1.078204	0.877845
-1.098592	0.870347
-1.118823	0.862433
-1.138888	0.854106
-1.158779	0.845369
-1.178487	0.836227
-1.198005	0.826683
-1.217324	0.816741
-1.236436	0.806405
-1.255333	0.795679
-1.274007	0.784569
-1.292450	0.773079
-1.310654	0.761213
-1.328612	0.748976
-1.346317	0.736374
-1.363760	0.723412
-1.380935	0.710096
-1.397834	0.696430
-1.414451	0.682421
-1.430777	0.668074
-1.446807	0.653396
-1.462534	0.638392
-1.477950	0.623070
-1.493051	0.607434
-1.507828	0.591493
-1.522277	0.575252
-1.536390	0.558718
-1.550163	0.541899
-1.563589	0.524801
-1.576663	0.507431
-1.589378	0.489797
-1.601731	0.471907
-1.613715	0.453767
-1.625326	0.435385
-1.636559	0.416769
-1.647408	0.397927
-1.657870	0.378866
-1.667940	0.359595
-1.677614	0.340122
-1.686888	0.320455
-1.695758	0.300601
-1.704220	0.280570
-1.712270	0.260370
-1.719906	0.240009
-1.727124	0.219496
-1.733921	0.198839
-1.740294	0.178047
-1.746240	0.157129
-1.751758	0.136093
-1.756844	0.114948
-1.761497	0.093704
-1.765714	0.072369
-1.769494	0.050952
-1.772836	0.029461
-1.775737	0.007907
-1.778196	-0.013703
-1.780214	-0.035358
-1.781788	-0.057050
-1.782918	-0.078771
-1.783604	-0.100509
-1.783845	-0.122258
-1.783641	-0.144007
-1.782992	-0.165747
-1.781899	-0.187470
-1.780362	-0.209166
-1.778382	-0.230826
-1.775959	-0.252441
-1.773094	-0.274001
-1.769790	-0.295499
-1.766046	-0.316925
-1.761865	-0.338270
-1.757248	-0.359525
-1.752198	-0.380681
-1.746716	-0.401729
-1.740804	-0.422660
-1.734466	-0.443467
-1.727704	-0.464139
-1.720521	-0.484668
-1.712919	-0.505046
-1.704902	-0.525265
-1.696474	-0.545315
-1.687637	-0.565188
-1.678395	-0.584877
-1.668753	-0.604372
-1.658715	-0.623665
-1.648284	-0.642749
-1.637465	-0.661616
-1.626262	-0.680257
-1.614681	-0.698665
-1.602726	-0.716832
-1.590402	-0.734751
-1.577714	-0.752413
-1.564667	-0.769812
-1.551268	-0.786940
-1.537522	-0.803791
-1.523433	-0.820356
-1.509009	-0.836629
-1.494256	-0.852604
-1.479179	-0.868274
-1.463785	-0.883631
-1.448080	-0.898670
-1.432072	-0.913384
-1.415765	-0.927768
-1.399169	-0.941814
-1.382289	-0.955518
-1.365132	-0.968874
-1.347706	-0.981875
-1.330018	-0.994517
-1.312075	-1.006794
-1.293886	-1.018701
-1.275457	-1.030233
-1.256796	-1.041385
-1.237911	-1.052153
-1.218811	-1.062532
-1.199503	-1.072517
-1.179994	-1.082106
-1.160295	-1.091292
-1.140411	-1.100074
-1.120353	-1.108446
-1.100128	-1.116406
-1.079745	-1.123950
-1.059212	-1.131075
-1.038539	-1.137778
-1.017733	-1.144057
-0.996803	-1.149908
-0.975759	-1.155329
-0.954609	-1.160318
-0.933361	-1.164873
-0.912026	-1.168992
-0.890611	-1.172673
-0.869126	-1.175915
-0.847580	-1.178716
-0.825981	-1.181076
-0.804340	-1.182992
-0.782664	-1.184465
-0.760963	-1.185494
-0.739247	-1.186078
-0.717523	-1.186217
-0.695802	-1.185912
-0.674093	-1.185161
-0.652404	-1.183967
-0.630745	-1.182328
-0.609125	-1.180246
-0.587552	-1.177722
-0.566037	-1.174756
-0.544587	-1.171351
-0.523212	-1.167507
-0.501921	-1.163225
-0.480723	-1.158509
-0.459627	-1.153360
-0.438641	-1.147780
-0.417775	-1.141771
-0.397036	-1.135336
-0.376435	-1.128477
-0.355979	-1.121199
-0.335677	-1.113502
-0.315538	-1.105392
-0.295570	-1.096871
-0.275781	-1.087942
-0.256180	-1.078611
-0.236775	-1.068879
-0.217574	-1.058753
-0.198585	-1.048235
-0.179816	-1.037331
-0.161276	-1.026044
-0.142971	-1.014380
-0.124909	-1.002344
-0.107099	-0.989940
-0.089547	-0.977175
-0.072261	-0.964052
-0.055248	-0.950578
-0.038515	-0.936759
-0.022070	-0.922600
-0.005919	-0.908106
0.009931	-0.893286
0.025474	-0.878143
0.040702	-0.862686
0.055610	-0.846920
0.070191	-0.830852
0.084439	-0.814489
0.098348	-0.797837
0.111912	-0.780904
0.125126	-0.763697
0.137984	-0.746223
0.150481	-0.728489
0.162611	-0.710503
0.174369	-0.692272
0.185751	-0.673805
0.196751	-0.655108
0.207365	-0.636190
0.217589	-0.617059
0.227418	-0.597722
0.236848	-0.578188
0.245875	-0.558465
0.254495	-0.538561
0.262706	-0.518485
0.270502	-0.498246
0.277882	-0.477850
0.284841	-0.457308
0.291377	-0.436628
0.297488	-0.415819
0.303170	-0.394889
0.308422	-0.373847
0.313241	-0.352701
0.317624	-0.331462
0.321571	-0.310137
0.325080	-0.288737
0.328149	-0.267268
0.330776	-0.245742
0.332962	-0.224167
0.334704	-0.202551
0.336002	-0.180904
0.336856	-0.159236
0.337265	-0.137554
0.337229	-0.115869
0.336748	-0.094190
0.335822	-0.072524
0.334452	-0.050883
0.332638	-0.029274
0.330381	-0.007707
0.327682	0.013809
0.324542	0.035265
0.320963	0.056652
0.316945	0.077961
0.312491	0.099183
0.307602	0.120309
0.302281	0.141331
0.296530	0.162239
0.290350	0.183025
0.283746	0.203679
0.276719	0.224194
0.269272	0.244560
0.261410	0.264770
0.253134	0.284813
0.244448	0.304683
0.235357	0.324371
0.225863	0.343868
0.215971	0.363167
0.205686	0.382258
0.195010	0.401135
0.183950	0.419789
0.172509	0.438212
0.160692	0.456397
0.148504	0.474336
0.135951	0.492021
0.123038	0.509445
0.109769	0.526601
0.096151	0.543481
0.082190	0.560078
0.067890	0.576386
0.053259	0.592397
0.038303	0.608105
0.023027	0.623504
0.007438	0.638585
-0.008458	0.653344
-0.024653	0.667775
-0.041141	0.681870
-0.057915	0.695624
-0.074968	0.709032
-0.092292	0.722087
-0.109882	0.734785
-0.127728	0.747119
-0.145824	0.759085
-0.164162	0.770678
-0.182734	0.781892
-0.201532	0.792724
-0.220550	0.803168
-0.239778	0.813220
-0.259208	0.822876
-0.278833	0.832131
-0.298644	0.840983
-0.318633	0.849426
-0.338791	0.857458
-0.359111	0.865076
-0.379583	0.872275
-0.400198	0.879053
-0.420949	0.885408
-0.441826	0.891336
-0.462821	0.896834
-0.483925	0.901902
-0.505129	0.906536
-0.526424	0.910734
-0.547802	0.914495
-0.569252	0.917818
-0.590767	0.920700
-0.612337	0.923140
-0.633953	0.925138
-0.655606	0.926693
-0.677287	0.927803
-0.698987	0.928469
-0.720697	0.928691
-0.742407	0.928467
-0.764109	0.927799
-0.785793	0.926686
-0.807450	0.925129
-0.829072	0.923128
-0.850649	0.920685
-0.872172	0.917800
-0.893632	0.914475
-0.915020	0.910711
-0.936328	0.906509
-0.957545	0.901872
-0.978663	0.896801
-0.999674	0.891298
-1.020569	0.885366
-1.041338	0.879007
-1.061973	0.872223
-1.082465	0.865019
-1.102807	0.857396
-1.122988	0.849357
-1.143002	0.840907
-1.162839	0.832049
-1.182490	0.822786
-1.201949	0.813122
-1.221206	0.803062
-1.240254	0.792609
-1.259084	0.781768
-1.277689	0.770543
-1.296061	0.758940
-1.314192	0.746962
-1.332075	0.734616
-1.349701	0.721906
-1.367064	0.708837
-1.384157	0.695415
-1.400971	0.681646
-1.417501	0.667535
-1.433739	0.653089
-1.449679	0.638312
-1.465312	0.623213
-1.480635	0.607796
-1.495638	0.592068
-1.510317	0.576036
-1.524666	0.559707
-1.538677	0.543087
-1.552346	0.526184
-1.565667	0.509004
-1.578633	0.491554
-1.591240	0.473843
-1.603482	0.455877
-1.615355	0.437664
-1.626852	0.419211
-1.637970	0.400527
-1.648704	0.381618
-1.659048	0.362494
-1.669000	0.343162
-1.678554	0.323629
-1.687706	0.303906
-1.696454	0.283998
-1.704792	0.263916
-1.712718	0.243666
-1.720229	0.223259
-1.727320	0.202702
-1.733990	0.182004
-1.740235	0.161173
-1.746053	0.140219
-1.751441	0.119150
-1.756397	0.097974
-1.760919	0.076702
-1.765005	0.055341
-1.768653	0.033901
-1.771862	0.012391
-1.774631	-0.009181
-1.776958	-0.030805
-1.778842	-0.052472
-1.780282	-0.074174
-1.781279	-0.095900
-1.781831	-0.117643
-1.781938	-0.139392
-1.781600	-0.161140
-1.780818	-0.182876
-1.779591	-0.204591
-1.777921	-0.226277
-1.775807	-0.247924
-1.773252	-0.269524
-1.770255	-0.291067
-1.766818	-0.312544
-1.762942	-0.333946
-1.758630	-0.355265
-1.753883	-0.376491
-1.748702	-0.397615
-1.743091	-0.418630
-1.737051	-0.439524
-1.730585	-0.460291
-1.723696	-0.480922
-1.716386	-0.501407
-1.708659	-0.521738
-1.700518	-0.541907
-1.691967	-0.561904
-1.683008	-0.581723
-1.673645	-0.601354
-1.663884	-0.620790
-1.653726	-0.640021
-1.643178	-0.659041
-1.632243	-0.677841
-1.620926	-0.696413
-1.609232	-0.714749
-1.597165	-0.732843
-1.584731	-0.750685
-1.571935	-0.768269
-1.558782	-0.785588
-1.545277	-0.802634
-1.531427	-0.819399
-1.517237	-0.835878
-1.502714	-0.852062
-1.487862	-0.867946
-1.472689	-0.883523
-1.457201	-0.898785
-1.441404	-0.913728
-1.425305	-0.928344
-1.408910	-0.942627
-1.392227	-0.956571
-1.375263	-0.970171
-1.358024	-0.983421
-1.340519	-0.996315
-1.322753	-1.008848
-1.304735	-1.021014
-1.286473	-1.032809
-1.267973	-1.044228
-1.249244	-1.055266
-1.230293	-1.065917
-1.211129	-1.076179
-1.191760	-1.086046
-1.172193	-1.095514
-1.152436	-1.104580
-1.132499	-1.113239
-1.112390	-1.121488
-1.092116	-1.129323
-1.071687	-1.136742
-1.051110	-1.143741
-1.030396	-1.150317
-1.009551	-1.156468
-0.988586	-1.162190
-0.967509	-1.167482
-0.946328	-1.172341
-0.925053	-1.176766
-0.903692	-1.180754
-0.882254	-1.184303
-0.860750	-1.187413
-0.839186	-1.190082
-0.817573	-1.192309
-0.795920	-1.194092
-0.774235	-1.195432
-0.752529	-1.196328
-0.730809	-1.196779
-0.709084	-1.196785
-0.687366	-1.196346
-0.665661	-1.195462
-0.643979	-1.194134
-0.622330	-1.192362
-0.600723	-1.190148
-0.579166	-1.187491
-0.557669	-1.184393
-0.536240	-1.180856
-0.514889	-1.176881
-0.493624	-1.172469
-0.472455	-1.167623
-0.451391	-1.162344
-0.430439	-1.156635
-0.409610	-1.150498
-0.388911	-1.143936
-0.368352	-1.136951
-0.347941	-1.129547
-0.327686	-1.121726
-0.307597	-1.113492
-0.287681	-1.104849
-0.267947	-1.095799
-0.248403	-1.086347
-0.229058	-1.076497
-0.209919	-1.066253
-0.190995	-1.055619
-0.172293	-1.044599
-0.153822	-1.033199
-0.135589	-1.021423
-0.117601	-1.009276
-0.099867	-0.996763
-0.082393	-0.983890
-0.065188	-0.970661
-0.048257	-0.957083
-0.031610	-0.943161
-0.015251	-0.928901
0.000811	-0.914309
0.016570	-0.899392
0.032020	-0.884154
0.047153	-0.868603
0.061964	-0.852746
0.076447	-0.836589
0.090594	-0.820138
0.104401	-0.803402
0.117862	-0.786386
0.130970	-0.769098
0.143721	-0.751545
0.156109	-0.733735
0.168128	-0.715675
0.179775	-0.697372
0.191043	-0.678835
0.201929	-0.660071
0.212427	-0.641088
0.222533	-0.621894
0.232244	-0.602497
0.241554	-0.582906
0.250460	-0.563128
0.258959	-0.543172
0.267046	-0.523046
0.274718	-0.502758
0.281972	-0.482318
0.288806	-0.461734
0.295216	-0.441014
0.301199	-0.420167
0.306753	-0.399202
0.311875	-0.378128
0.316564	-0.356954
0.320818	-0.335688
0.324635	-0.314340
0.328012	-0.292918
0.330949	-0.271431
0.333445	-0.249889
0.335498	-0.228300
0.337108	-0.206674
0.338274	-0.185020
0.338995	-0.163347
0.339271	-0.141663
0.339102	-0.119979
0.338488	-0.098302
0.337430	-0.076643
0.335927	-0.055010
0.333981	-0.033413
0.331592	-0.011860
0.328761	0.009639
0.325490	0.031075
0.321779	0.052440
0.317631	0.073724
0.313047	0.094918
0.308029	0.116014
0.302580	0.137003
0.296700	0.157875
0.290394	0.178623
0.283663	0.199236
0.276511	0.219708
0.268940	0.240028
0.260953	0.260189
0.252555	0.280181
0.243748	0.299998
0.234536	0.319629
0.224923	0.339068
0.214914	0.358305
0.204511	0.377334
0.193720	0.396144
0.182546	0.414730
0.170992	0.433083
0.159064	0.451195
0.146767	0.469058
0.134106	0.486666
0.121086	0.504011
0.107713	0.521085
0.093992	0.537881
0.079929	0.554393
0.065530	0.570612
0.050801	0.586534
0.035749	0.602150
0.020379	0.617454
0.004698	0.632440
-0.011287	0.647101
-0.027570	0.661432
-0.044144	0.675425
-0.061002	0.689077
-0.078137	0.702379
-0.095541	0.715328
-0.113207	0.727918
-0.131128	0.740142
-0.149297	0.751997
-0.167705	0.763477
-0.186346	0.774577
-0.205210	0.785293
-0.224291	0.795620
-0.243580	0.805554
-0.263069	0.815091
-0.282750	0.824226
-0.302615	0.832955
-0.322655	0.841276
-0.342862	0.849185
-0.363227	0.856677
-0.383743	0.863751
-0.404399	0.870402
-0.425188	0.876630
-0.446101	0.882429
-0.467129	0.887799
-0.488264	0.892737
-0.509495	0.897241
-0.530815	0.901308
-0.552215	0.904938
-0.573685	0.908129
-0.595217	0.910879
-0.616801	0.913187
-0.638429	0.915052
-0.660091	0.916474
-0.681778	0.917452
-0.703481	0.917985
-0.725191	0.918073
-0.746900	0.917716
-0.768597	0.916915
-0.790273	0.915669
-0.811921	0.913979
-0.833529	0.911846
-0.855091	0.909270
-0.876595	0.906253
-0.898034	0.902797
-0.919398	0.898901
-0.940679	0.894569
-0.961867	0.889802
-0.982954	0.884601
-1.003930	0.878969
-1.024788	0.872909
-1.045517	0.866423
-1.066110	0.859513
-1.086557	0.852183
-1.106851	0.844435
-1.126983	0.836273
-1.146944	0.827700
-1.166725	0.818721
-1.186320	0.809337
-1.205718	0.799554
-1.224913	0.789376
-1.243896	0.778806
-1.262659	0.767850
-1.281195	0.756512
-1.299495	0.744796
-1.317552	0.732708
-1.335358	0.720252
-1.352906	0.707434
-1.370188	0.694259
-1.387197	0.680732
-1.403927	0.666860
-1.420370	0.652648
-1.436518	0.638102
-1.452366	0.623229
-1.467907	0.608033
-1.483134	0.592523
-1.498041	0.576703
-1.512621	0.560582
-1.526868	0.544165
-1.540777	0.527460
-1.554342	0.510473
-1.567556	0.493211
-1.580415	0.475683
-1.592913	0.457894
-1.605044	0.439853
-1.616805	0.421568
-1.628188	0.403045
-1.639191	0.384293
-1.649808	0.365319
-1.660035	0.346132
-1.669867	0.326739
-1.679301	0.307148
-1.688332	0.287369
-1.696957	0.267408
-1.705171	0.247275
-1.712973	0.226977
-1.720358	0.206524
-1.727323	0.185924
-1.733865	0.165186
-1.739982	0.144317
-1.745670	0.123328
-1.750929	0.102226
-1.755754	0.081021
-1.760145	0.059721
-1.764100	0.038336
-1.767616	0.016874
-1.770693	-0.004656
-1.773329	-0.026244
-1.775523	-0.047882
-1.777274	-0.069561
-1.778581	-0.091270
-1.779444	-0.113003
-1.779862	-0.134748
-1.779835	-0.156498
-1.779364	-0.178243
-1.778448	-0.199973
-1.777088	-0.221681
-1.775284	-0.243356
-1.773037	-0.264990
-1.770349	-0.286573
-1.767219	-0.308097
-1.763650	-0.329553
-1.759644	-0.350931
-1.755200	-0.372223
-1.750322	-0.393419
-1.745012	-0.414511
-1.739272	-0.435491
-1.733103	-0.456348
-1.726510	-0.477075
-1.719494	-0.497662
-1.712059	-0.518102
-1.704207	-0.538385
-1.695942	-0.558504
-1.687267	-0.578449
-1.678186	-0.598212
-1.668703	-0.617785
-1.658822	-0.637161
-1.648547	-0.656329
-1.637882	-0.675284
-1.626832	-0.694016
-1.615401	-0.712518
-1.603594	-0.730783
-1.591416	-0.748802
-1.578872	-0.766567
-1.565968	-0.784073
-1.552708	-0.801310
-1.539099	-0.818272
-1.525146	-0.834953
-1.510855	-0.851344
-1.496232	-0.867439
-1.481283	-0.883231
-1.466015	-0.898715
-1.450433	-0.913882
-1.434544	-0.928727
-1.418355	-0.943243
-1.401873	-0.957426
-1.385105	-0.971267
-1.368057	-0.984763
-1.350737	-0.997907
-1.333152	-1.010693
-1.315310	-1.023117
-1.297217	-1.035172
-1.278882	-1.046855
-1.260312	-1.058160
-1.241516	-1.069082
-1.222500	-1.079617
-1.203273	-1.089761
-1.183843	-1.099509
-1.164218	-1.108857
-1.144406	-1.117801
-1.124416	-1.126337
-1.104256	-1.134463
-1.083934	-1.142174
-1.063459	-1.149467
-1.042840	-1.156340
-1.022085	-1.162788
-1.001203	-1.168811
-0.980203	-1.174405
-0.959093	-1.179567
-0.937882	-1.184296
-0.916580	-1.188590
-0.895195	-1.192446
-0.873736	-1.195864
-0.852212	-1.198842
-0.830632	-1.201379
-0.809006	-1.203473
-0.787342	-1.205123
-0.765649	-1.206330
-0.743937	-1.207092
-0.722214	-1.207410
-0.700490	-1.207282
-0.678774	-1.206710
-0.657075	-1.205693
-0.635402	-1.204232
-0.613763	-1.202327
-0.592170	-1.199980
-0.570629	-1.197191
-0.549151	-1.193962
-0.527744	-1.190293
-0.506417	-1.186187
-0.485180	-1.181645
-0.464041	-1.176668
-0.443009	-1.171260
-0.422092	-1.165423
-0.401301	-1.159158
-0.380642	-1.152469
-0.360126	-1.145358
-0.339760	-1.137829
-0.319554	-1.129884
-0.299515	-1.121527
-0.279653	-1.112761
-0.259974	-1.103590
-0.240489	-1.094018
-0.221204	-1.084050
-0.202128	-1.073688
-0.183269	-1.062938
-0.164635	-1.051804
-0.146233	-1.040290
-0.128072	-1.028403
-0.110159	-1.016145
-0.092502	-1.003524
-0.075107	-0.990543
-0.057983	-0.977210
-0.041136	-0.963528
-0.024574	-0.949504
-0.008303	-0.935144
0.007669	-0.920453
0.023337	-0.905439
0.038693	-0.890107
0.053731	-0.874464
0.068445	-0.858516
0.082828	-0.842270
0.096875	-0.825733
0.110579	-0.808911
0.123935	-0.791813
0.136938	-0.774445
0.149581	-0.756814
0.161859	-0.738928
0.173768	-0.720794
0.185303	-0.702421
0.196457	-0.683815
0.207228	-0.664984
0.217610	-0.645937
0.227598	-0.626682
0.237190	-0.607225
0.246380	-0.587577
0.255165	-0.567745
0.263541	-0.547737
0.271504	-0.527561
0.279052	-0.507227
0.286182	-0.486743
0.292889	-0.466117
0.299171	-0.445358
0.305027	-0.424475
0.310452	-0.403476
0.315446	-0.382371
0.320005	-0.361168
0.324129	-0.339877
0.327814	-0.318505
0.331060	-0.297063
0.333866	-0.275559
0.336230	-0.254001
0.338151	-0.232401
0.339628	-0.210765
0.340661	-0.189104
0.341249	-0.167426
0.341393	-0.145742
0.341091	-0.124058
0.340345	-0.102386
0.339153	-0.080734
0.337518	-0.059111
0.335440	-0.037526
0.332919	-0.015988
0.329957	0.005493
0.326554	0.026909
0.322713	0.048251
0.318435	0.069509
0.313721	0.090675
0.308574	0.111740
0.302996	0.132695
0.296989	0.153531
0.290555	0.174239
0.283699	0.194811
0.276421	0.215238
0.268726	0.235512
0.260616	0.255623
0.252095	0.275564
0.243167	0.295326
0.233835	0.314901
0.224104	0.334280
0.213976	0.353456
0.203458	0.372420
0.192552	0.391164
0.181264	0.409681
0.169598	0.427962
0.157559	0.446001
0.145153	0.463789
0.132384	0.481318
0.119259	0.498583
0.105781	0.515574
0.091958	0.532286
0.077794	0.548711
0.063296	0.564842
0.048470	0.580673
0.033323	0.596196
0.017859	0.611406
0.002087	0.626295
-0.013988	0.640858
-0.030358	0.655089
-0.047017	0.668981
-0.063958	0.682528
-0.081174	0.695726
-0.098657	0.708568
-0.116400	0.721048
-0.134395	0.733163
-0.152636	0.744906
-0.171114	0.756273
-0.189822	0.767259
-0.208752	0.777859
-0.227895	0.788068
-0.247245	0.797884
-0.266792	0.807300
-0.286528	0.816314
-0.306446	0.824922
-0.326536	0.833120
-0.346791	0.840904
-0.367201	0.848272
-0.387759	0.855219
-0.408456	0.861744
-0.429283	0.867843
-0.450231	0.873515
-0.471291	0.878756
-0.492455	0.883564
-0.513713	0.887937
-0.535058	0.891874
-0.556479	0.895372
-0.577968	0.898431
-0.599516	0.901049
-0.621114	0.903225
-0.642752	0.904957
-0.664422	0.906246
-0.686114	0.907091
-0.707820	0.907491
-0.729530	0.907446
-0.751236	0.906956
-0.772927	0.906021
-0.794595	0.904642
-0.816232	0.902820
-0.837826	0.900554
-0.859371	0.897846
-0.880857	0.894698
-0.902274	0.891110
-0.923613	0.887083
-0.944867	0.882621
-0.966025	0.877723
-0.987079	0.872393
-1.008020	0.866633
-1.028839	0.860445
-1.049528	0.853832
-1.070078	0.846796
-1.090480	0.839340
-1.110726	0.831468
-1.130806	0.823183
-1.150714	0.814488
-1.170440	0.805387
-1.189976	0.795884
-1.209314	0.785982
-1.228445	0.775686
-1.247363	0.765000
-1.266058	0.753929
-1.284523	0.742477
-1.302751	0.730650
-1.320733	0.718451
-1.338462	0.705886
-1.355930	0.692960
-1.373131	0.679680
-1.390057	0.666049
-1.406701	0.652075
-1.423056	0.637762
-1.439115	0.623118
-1.454871	0.608147
-1.470318	0.592857
-1.485449	0.577253
-1.500258	0.561343
-1.514738	0.545132
-1.528885	0.528628
-1.542691	0.511838
-1.556150	0.494768
-1.569258	0.477426
-1.582009	0.459819
-1.594397	0.441954
-1.606417	0.423839
-1.618065	0.405482
-1.629334	0.386890
-1.640221	0.368070
-1.650721	0.349032
-1.660830	0.329782
-1.670543	0.310329
-1.679856	0.290681
-1.688765	0.270847
-1.697267	0.250834
-1.705358	0.230650
-1.713034	0.210306
-1.720293	0.189808
-1.727131	0.169165
-1.733546	0.148387
-1.739534	0.127481
-1.745094	0.106457
-1.750222	0.085324
-1.754917	0.064090
-1.759177	0.042763
-1.763000	0.021354
-1.766385	-0.000129
-1.769329	-0.021677
-1.771832	-0.043281
-1.773892	-0.064932
-1.775510	-0.086620
-1.776684	-0.108338
-1.777413	-0.130075
-1.777697	-0.151823
-1.777537	-0.173572
-1.776932	-0.195313
-1.775882	-0.217037
-1.774389	-0.238736
-1.772452	-0.260400
-1.770072	-0.282019
-1.767251	-0.303586
-1.763989	-0.325090
-1.760288	-0.346524
-1.756150	-0.367877
-1.751576	-0.389141
-1.746568	-0.410307
-1.741128	-0.431366
-1.735258	-0.452309
-1.728962	-0.473128
-1.722241	-0.493814
-1.715099	-0.514358
-1.707538	-0.534752
-1.699561	-0.554987
-1.691173	-0.575054
-1.682375	-0.594945
-1.673173	-0.614652
-1.663570	-0.634167
-1.653570	-0.653481
-1.643177	-0.672587
-1.632396	-0.691475
-1.621230	-0.710139
-1.609686	-0.728571
-1.597767	-0.746762
-1.585478	-0.764706
-1.572825	-0.782395
-1.559813	-0.799820
-1.546448	-0.816976
-1.532735	-0.833855
-1.518680	-0.850449
-1.504288	-0.866752
-1.489566	-0.882757
-1.474520	-0.898457
-1.459156	-0.913846
-1.443481	-0.928918
-1.427502	-0.943665
-1.411224	-0.958082
-1.394655	-0.972163
-1.377801	-0.985901
-1.360671	-0.999292
-1.343270	-1.012329
-1.325607	-1.025007
-1.307688	-1.037321
-1.289522	-1.049265
-1.271115	-1.060835
-1.252476	-1.072026
-1.233612	-1.082833
-1.214532	-1.093251
-1.195243	-1.103276
-1.175753	-1.112904
-1.156070	-1.122132
-1.136204	-1.130954
-1.116161	-1.139368
-1.095951	-1.147369
-1.075583	-1.154955
-1.055063	-1.162123
-1.034402	-1.168868
-1.013607	-1.175190
-0.992688	-1.181084
-0.971654	-1.186548
-0.950512	-1.191581
-0.929273	-1.196180
-0.907944	-1.200343
-0.886536	-1.204068
-0.865056	-1.207354
-0.843514	-1.210200
-0.821919	-1.212604
-0.800279	-1.214565
-0.778605	-1.216082
-0.756905	-1.217156
-0.735188	-1.217785
-0.713464	-1.217969
-0.691741	-1.217708
-0.670028	-1.217003
-0.648335	-1.215852
-0.626671	-1.214258
-0.605045	-1.212221
-0.583466	-1.209741
-0.561942	-1.206820
-0.540484	-1.203459
-0.519100	-1.199659
-0.497798	-1.195421
-0.476589	-1.190749
-0.455480	-1.185643
-0.434482	-1.180106
-0.413601	-1.174140
-0.392848	-1.167748
-0.372231	-1.160932
-0.351758	-1.153695
-0.331439	-1.146041
-0.311281	-1.137972
-0.291294	-1.129492
-0.271485	-1.120604
-0.251863	-1.111313
-0.232436	-1.101622
-0.213213	-1.091535
-0.194200	-1.081056
-0.175407	-1.070190
-0.156842	-1.058942
-0.138511	-1.047316
-0.120423	-1.035317
-0.102585	-1.022950
-0.085005	-1.010220
-0.067691	-0.997133
-0.050648	-0.983694
-0.033885	-0.969909
-0.017409	-0.955784
-0.001226	-0.941324
0.014656	-0.926536
0.030232	-0.911426
0.045494	-0.896000
0.060436	-0.880264
0.075052	-0.864226
0.089335	-0.847892
0.103280	-0.831269
0.116882	-0.814364
0.130133	-0.797184
0.143029	-0.779736
0.155564	-0.762028
0.167732	-0.744067
0.179530	-0.725861
0.190952	-0.707416
0.201992	-0.688742
0.212647	-0.669846
0.222912	-0.650735
0.232783	-0.631419
0.242255	-0.611904
0.251324	-0.592200
0.259988	-0.572314
0.268241	-0.552254
0.276081	-0.532031
0.283505	-0.511650
0.290508	-0.491123
0.297089	-0.470456
0.303245	-0.449659
0.308972	-0.428740
0.314269	-0.407709
0.319133	-0.386573
0.323562	-0.365343
0.327555	-0.344026
0.331110	-0.322632
0.334225	-0.301170
0.336899	-0.279649
0.339130	-0.258078
0.340919	-0.236465
0.342264	-0.214821
0.343164	-0.193154
0.343619	-0.171473
0.343630	-0.149788
0.343196	-0.128107
0.342316	-0.106440
0.340993	-0.084795
0.339225	-0.063182
0.337015	-0.041610
0.334362	-0.020089
0.331268	0.001374
0.327735	0.022769
0.323763	0.044087
0.319354	0.065318
0.314511	0.086455
0.309235	0.107488
0.303529	0.128408
0.297394	0.149207
0.290834	0.169876
0.283852	0.190405
0.276449	0.210787
0.268630	0.231013
0.260397	0.251075
0.251754	0.270963
0.242705	0.290670
0.233254	0.310187
0.223404	0.329506
0.213159	0.348619
0.202525	0.367519
0.191504	0.386196
0.180103	0.404643
0.168326	0.422852
0.156177	0.440817
0.143662	0.458528
0.130786	0.475979
0.117555	0.493163
0.103974	0.510072
0.090048	0.526698
0.075785	0.543036
0.061188	0.559078
0.046266	0.574817
0.031023	0.590248
0.015467	0.605362
-0.000396	0.620154
-0.016559	0.634619
-0.033016	0.648748
-0.049760	0.662538
-0.066784	0.675981
-0.084080	0.689073
-0.101641	0.701807
-0.119460	0.714179
-0.137529	0.726183
-0.155841	0.737814
-0.174389	0.749067
-0.193163	0.759938
-0.212157	0.770421
-0.231363	0.780514
-0.250771	0.790210
-0.270376	0.799507
-0.290167	0.808399
-0.310136	0.816885
-0.330276	0.824959
-0.350578	0.832619
-0.371033	0.839861
-0.391633	0.846683
-0.412369	0.853080
-0.433233	0.859052
-0.454215	0.864595
-0.475307	0.869706
-0.496499	0.874384
-0.517784	0.878627
-0.539152	0.882433
-0.560594	0.885800
-0.582101	0.888727
-0.603664	0.891213
-0.625274	0.893256
-0.646923	0.894856
-0.668600	0.896012
-0.690297	0.896723
-0.712004	0.896990
-0.733713	0.896812
-0.755415	0.896189
-0.777100	0.895121
-0.798759	0.893609
-0.820383	0.891654
-0.841964	0.889256
-0.863491	0.886416
-0.884956	0.883136
-0.906351	0.879416
-0.927665	0.875259
-0.948890	0.870666
-0.970018	0.865639
-0.991038	0.860180
-1.011943	0.854292
-1.032724	0.847976
-1.053372	0.841236
-1.073877	0.834074
-1.094233	0.826494
-1.114430	0.818498
-1.134459	0.810089
-1.154312	0.801273
-1.173982	0.792051
-1.193459	0.782428
-1.212735	0.772408
-1.231803	0.761995
-1.250654	0.751193
-1.269281	0.740007
-1.287675	0.728442
-1.305830	0.716503
-1.323736	0.704194
-1.341387	0.691521
-1.358776	0.678489
-1.375895	0.665103
-1.392736	0.651369
-1.409294	0.637292
-1.425560	0.622880
-1.441528	0.608137
-1.457192	0.593070
-1.472545	0.577685
-1.487579	0.561989
-1.502290	0.545988
-1.516671	0.529689
-1.530715	0.513099
-1.544418	0.496224
-1.557772	0.479072
-1.570773	0.461650
-1.583415	0.443965
-1.595693	0.426025
-1.607602	0.407837
-1.619136	0.389408
-1.630291	0.370747
-1.641062	0.351862
-1.651445	0.332759
-1.661435	0.313448
-1.671028	0.293936
-1.680220	0.274231
-1.689007	0.254342
-1.697385	0.234277
-1.705352	0.214045
-1.712903	0.193654
-1.720036	0.173112
-1.726747	0.152428
-1.733033	0.131610
-1.738893	0.110669
-1.744323	0.089611
-1.749321	0.068446
-1.753886	0.047184
-1.758015	0.025832
-1.761706	0.004400
-1.764958	-0.017104
-1.767770	-0.038669
-1.770140	-0.060288
-1.772067	-0.081951
-1.773551	-0.103649
-1.774591	-0.125373
-1.775187	-0.147115
-1.775338	-0.168863
-1.775044	-0.190611
-1.774305	-0.212348
-1.773122	-0.234066
-1.771495	-0.255755
-1.769424	-0.277406
-1.766912	-0.299011
-1.763958	-0.320559
-1.760564	-0.342043
-1.756731	-0.363453
-1.752462	-0.384781
-1.747757	-0.406016
-1.742619	-0.427151
-1.737050	-0.448176
-1.731052	-0.469083
-1.724627	-0.489863
-1.717779	-0.510507
-1.710511	-0.531007
-1.702824	-0.551354
-1.694723	-0.571539
-1.686212	-0.591555
-1.677292	-0.611391
-1.667969	-0.631042
-1.658246	-0.650497
-1.648127	-0.669749
-1.637617	-0.688791
-1.626720	-0.707613
-1.615440	-0.726208
-1.603782	-0.744568
-1.591751	-0.762686
-1.579352	-0.780554
-1.566591	-0.798164
-1.553472	-0.815510
-1.540002	-0.832583
-1.526185	-0.849377
-1.512027	-0.865885
-1.497536	-0.882099
-1.482716	-0.898014
-1.467573	-0.913621
-1.452115	-0.928916
-1.436348	-0.943890
-1.420277	-0.958539
-1.403911	-0.972856
-1.387255	-0.986835
-1.370318	-1.000470
-1.353105	-1.013755
-1.335625	-1.026685
-1.317884	-1.039254
-1.299889	-1.051458
-1.281650	-1.063290
-1.263172	-1.074747
-1.244464	-1.085823
-1.225534	-1.096514
-1.206390	-1.106815
-1.187039	-1.116722
-1.167490	-1.126230
-1.147752	-1.135336
-1.127831	-1.144036
-1.107737	-1.152327
-1.087478	-1.160204
-1.067062	-1.167665
-1.046499	-1.174706
-1.025797	-1.181325
-1.004963	-1.187519
-0.984008	-1.193284
-0.962940	-1.198619
-0.941768	-1.203522
-0.920500	-1.207991
-0.899146	-1.212022
-0.877715	-1.215616
-0.856215	-1.218770
-0.834656	-1.221484
-0.813046	-1.223755
-0.791395	-1.225583
-0.769711	-1.226968
-0.748005	-1.227908
-0.726284	-1.228403
-0.704559	-1.228454
-0.682837	-1.228060
-0.661129	-1.227221
-0.639443	-1.225938
-0.617789	-1.224211
-0.596176	-1.222041
-0.574612	-1.219428
-0.553106	-1.216375
-0.531669	-1.212882
-0.510308	-1.208951
-0.489033	-1.204583
-0.467852	-1.199780
-0.446775	-1.194545
-0.425810	-1.188879
-0.404966	-1.182785
-0.384252	-1.176265
-0.363677	-1.169323
-0.343249	-1.161961
-0.322977	-1.154182
-0.302869	-1.145989
-0.282933	-1.137386
-0.263179	-1.128377
-0.243614	-1.118966
-0.224247	-1.109155
-0.205085	-1.098950
-0.186138	-1.088355
-0.167411	-1.077374
-0.148915	-1.066012
-0.130655	-1.054274
-0.112641	-1.042164
-0.094879	-1.029688
-0.077378	-1.016850
-0.060143	-1.003657
-0.043183	-0.990114
-0.026505	-0.976226
-0.010115	-0.962000
0.005979	-0.947441
0.021770	-0.932555
0.037253	-0.917350
0.052420	-0.901830
0.067266	-0.886003
0.081783	-0.869876
0.095967	-0.853454
0.109810	-0.836746
0.123307	-0.819758
0.136453	-0.802497
0.149242	-0.784970
0.161668	-0.767185
0.173727	-0.749149
0.185413	-0.730871
0.196722	-0.712357
0.207648	-0.693615
0.218187	-0.674654
0.228335	-0.655480
0.238087	-0.636104
0.247439	-0.616531
0.256388	-0.596771
0.264929	-0.576832
0.273060	-0.556723
0.280776	-0.536451
0.288074	-0.516026
0.294952	-0.495455
0.301406	-0.474748
0.307434	-0.453914
0.313033	-0.432960
0.318201	-0.411897
0.322936	-0.390732
0.327235	-0.369474
0.331098	-0.348133
0.334521	-0.326718
0.337505	-0.305237
0.340047	-0.283700
0.342146	-0.262116
0.343802	-0.240493
0.345014	-0.218840
0.345782	-0.197168
0.346105	-0.175485
0.345983	-0.153800
0.345415	-0.132122
0.344403	-0.110460
0.342947	-0.088824
0.341048	-0.067223
0.338705	-0.045665
0.335920	-0.024159
0.332695	-0.002716
0.329031	0.018657
0.324928	0.039950
0.320390	0.061154
0.315417	0.082261
0.310013	0.103261
0.304178	0.124146
0.297917	0.144907
0.291230	0.165535
0.284122	0.186021
0.276595	0.206357
0.268652	0.226535
0.260296	0.246546
0.251532	0.266380
0.242362	0.286031
0.232792	0.305490
0.222823	0.324749
0.212462	0.343799
0.201712	0.362632
0.190578	0.381242
0.179064	0.399619
0.167175	0.417756
0.154917	0.435645
0.142294	0.453280
0.129311	0.470651
0.115975	0.487753
0.102291	0.504579
0.088264	0.521120
0.073900	0.537370
0.059206	0.553322
0.044188	0.568969
0.028851	0.584306
0.013203	0.599324
-0.002751	0.614019
-0.019002	0.628384
-0.035545	0.642412
-0.052373	0.656099
-0.069479	0.669438
-0.086854	0.682423
-0.104493	0.695049
-0.122387	0.707311
-0.140530	0.719204
-0.158913	0.730723
-0.177528	0.741862
-0.196369	0.752617
-0.215427	0.762984
-0.234693	0.772959
-0.254161	0.782536
-0.273821	0.791712
-0.293666	0.800483
-0.313688	0.808846
-0.333876	0.816797
-0.354225	0.824332
-0.374724	0.831448
-0.395365	0.838143
-0.416139	0.844414
-0.437039	0.850257
-0.458054	0.855671
-0.479176	0.860653
-0.500397	0.865201
-0.521707	0.869313
-0.543098	0.872988
-0.564560	0.876224
-0.586084	0.879019
-0.607662	0.881372
-0.629284	0.883282
-0.650941	0.884750
-0.672625	0.885772
-0.694325	0.886351
-0.716034	0.886484
-0.737741	0.886173
-0.759438	0.885417
-0.781116	0.884216
-0.802765	0.882572
-0.824376	0.880484
-0.845941	0.877953
-0.867451	0.874982
-0.888895	0.871570
-0.910266	0.867719
-0.931554	0.863431
-0.952750	0.858708
-0.973846	0.853552
-0.994832	0.847964
-1.015701	0.841947
-1.036442	0.835504
-1.057047	0.828638
-1.077509	0.821350
